2019/10/29-12:38:11.646176 7f8027ecda40 RocksDB version: 5.17.2
2019/10/29-12:38:11.646291 7f8027ecda40 Git sha rocksdb_build_git_sha:
2019/10/29-12:38:11.646295 7f8027ecda40 Compile date Dec 19 2018
2019/10/29-12:38:11.646297 7f8027ecda40 DB SUMMARY
2019/10/29-12:38:11.646354 7f8027ecda40 CURRENT file:  CURRENT
2019/10/29-12:38:11.646357 7f8027ecda40 IDENTITY file:  IDENTITY
2019/10/29-12:38:11.646363 7f8027ecda40 MANIFEST file:  MANIFEST-000011 size: 240 Bytes
2019/10/29-12:38:11.646367 7f8027ecda40 SST files in test8.db dir, Total Num: 3, files: 000004.sst 000007.sst 000010.sst 
2019/10/29-12:38:11.646369 7f8027ecda40 Write Ahead Log file in test8.db: 000012.log size: 4250 ; 
2019/10/29-12:38:11.646371 7f8027ecda40                         Options.error_if_exists: 0
2019/10/29-12:38:11.646373 7f8027ecda40                       Options.create_if_missing: 1
2019/10/29-12:38:11.646375 7f8027ecda40                         Options.paranoid_checks: 1
2019/10/29-12:38:11.646377 7f8027ecda40                                     Options.env: 0x7f8027c7a300
2019/10/29-12:38:11.646378 7f8027ecda40                                Options.info_log: 0x2fba7e0
2019/10/29-12:38:11.646380 7f8027ecda40                Options.max_file_opening_threads: 16
2019/10/29-12:38:11.646381 7f8027ecda40                              Options.statistics: (nil)
2019/10/29-12:38:11.646383 7f8027ecda40                               Options.use_fsync: 0
2019/10/29-12:38:11.646385 7f8027ecda40                       Options.max_log_file_size: 0
2019/10/29-12:38:11.646387 7f8027ecda40                  Options.max_manifest_file_size: 1073741824
2019/10/29-12:38:11.646388 7f8027ecda40                   Options.log_file_time_to_roll: 0
2019/10/29-12:38:11.646390 7f8027ecda40                       Options.keep_log_file_num: 1000
2019/10/29-12:38:11.646391 7f8027ecda40                    Options.recycle_log_file_num: 0
2019/10/29-12:38:11.646393 7f8027ecda40                         Options.allow_fallocate: 1
2019/10/29-12:38:11.646394 7f8027ecda40                        Options.allow_mmap_reads: 0
2019/10/29-12:38:11.646396 7f8027ecda40                       Options.allow_mmap_writes: 0
2019/10/29-12:38:11.646397 7f8027ecda40                        Options.use_direct_reads: 0
2019/10/29-12:38:11.646398 7f8027ecda40                        Options.use_direct_io_for_flush_and_compaction: 0
2019/10/29-12:38:11.646400 7f8027ecda40          Options.create_missing_column_families: 0
2019/10/29-12:38:11.646401 7f8027ecda40                              Options.db_log_dir: 
2019/10/29-12:38:11.646403 7f8027ecda40                                 Options.wal_dir: test8.db
2019/10/29-12:38:11.646405 7f8027ecda40                Options.table_cache_numshardbits: 6
2019/10/29-12:38:11.646406 7f8027ecda40                      Options.max_subcompactions: 1
2019/10/29-12:38:11.646408 7f8027ecda40                  Options.max_background_flushes: -1
2019/10/29-12:38:11.646410 7f8027ecda40                         Options.WAL_ttl_seconds: 0
2019/10/29-12:38:11.646412 7f8027ecda40                       Options.WAL_size_limit_MB: 0
2019/10/29-12:38:11.646414 7f8027ecda40             Options.manifest_preallocation_size: 4194304
2019/10/29-12:38:11.646415 7f8027ecda40                     Options.is_fd_close_on_exec: 1
2019/10/29-12:38:11.646417 7f8027ecda40                   Options.advise_random_on_open: 1
2019/10/29-12:38:11.646419 7f8027ecda40                    Options.db_write_buffer_size: 0
2019/10/29-12:38:11.646421 7f8027ecda40                    Options.write_buffer_manager: 0x2faa690
2019/10/29-12:38:11.646422 7f8027ecda40         Options.access_hint_on_compaction_start: 1
2019/10/29-12:38:11.646424 7f8027ecda40  Options.new_table_reader_for_compaction_inputs: 0
2019/10/29-12:38:11.646426 7f8027ecda40           Options.random_access_max_buffer_size: 1048576
2019/10/29-12:38:11.646427 7f8027ecda40                      Options.use_adaptive_mutex: 0
2019/10/29-12:38:11.646429 7f8027ecda40                            Options.rate_limiter: (nil)
2019/10/29-12:38:11.646430 7f8027ecda40     Options.sst_file_manager.rate_bytes_per_sec: 0
2019/10/29-12:38:11.646432 7f8027ecda40                       Options.wal_recovery_mode: 2
2019/10/29-12:38:11.646450 7f8027ecda40                  Options.enable_thread_tracking: 0
2019/10/29-12:38:11.646452 7f8027ecda40                  Options.enable_pipelined_write: 0
2019/10/29-12:38:11.646454 7f8027ecda40         Options.allow_concurrent_memtable_write: 1
2019/10/29-12:38:11.646455 7f8027ecda40      Options.enable_write_thread_adaptive_yield: 1
2019/10/29-12:38:11.646457 7f8027ecda40             Options.write_thread_max_yield_usec: 100
2019/10/29-12:38:11.646458 7f8027ecda40            Options.write_thread_slow_yield_usec: 3
2019/10/29-12:38:11.646460 7f8027ecda40                               Options.row_cache: None
2019/10/29-12:38:11.646461 7f8027ecda40                              Options.wal_filter: None
2019/10/29-12:38:11.646463 7f8027ecda40             Options.avoid_flush_during_recovery: 0
2019/10/29-12:38:11.646465 7f8027ecda40             Options.allow_ingest_behind: 0
2019/10/29-12:38:11.646466 7f8027ecda40             Options.preserve_deletes: 0
2019/10/29-12:38:11.646468 7f8027ecda40             Options.two_write_queues: 0
2019/10/29-12:38:11.646470 7f8027ecda40             Options.manual_wal_flush: 0
2019/10/29-12:38:11.646471 7f8027ecda40             Options.max_background_jobs: 2
2019/10/29-12:38:11.646473 7f8027ecda40             Options.max_background_compactions: -1
2019/10/29-12:38:11.646474 7f8027ecda40             Options.avoid_flush_during_shutdown: 0
2019/10/29-12:38:11.646476 7f8027ecda40           Options.writable_file_max_buffer_size: 1048576
2019/10/29-12:38:11.646478 7f8027ecda40             Options.delayed_write_rate : 16777216
2019/10/29-12:38:11.646480 7f8027ecda40             Options.max_total_wal_size: 0
2019/10/29-12:38:11.646482 7f8027ecda40             Options.delete_obsolete_files_period_micros: 21600000000
2019/10/29-12:38:11.646484 7f8027ecda40                   Options.stats_dump_period_sec: 600
2019/10/29-12:38:11.646485 7f8027ecda40                          Options.max_open_files: -1
2019/10/29-12:38:11.646487 7f8027ecda40                          Options.bytes_per_sync: 0
2019/10/29-12:38:11.646488 7f8027ecda40                      Options.wal_bytes_per_sync: 0
2019/10/29-12:38:11.646490 7f8027ecda40       Options.compaction_readahead_size: 0
2019/10/29-12:38:11.646492 7f8027ecda40 Compression algorithms supported:
2019/10/29-12:38:11.646494 7f8027ecda40 	kZSTDNotFinalCompression supported: 1
2019/10/29-12:38:11.646499 7f8027ecda40 	kZSTD supported: 1
2019/10/29-12:38:11.646501 7f8027ecda40 	kXpressCompression supported: 0
2019/10/29-12:38:11.646503 7f8027ecda40 	kLZ4HCCompression supported: 1
2019/10/29-12:38:11.646505 7f8027ecda40 	kLZ4Compression supported: 1
2019/10/29-12:38:11.646506 7f8027ecda40 	kBZip2Compression supported: 1
2019/10/29-12:38:11.646508 7f8027ecda40 	kZlibCompression supported: 1
2019/10/29-12:38:11.646510 7f8027ecda40 	kSnappyCompression supported: 1
2019/10/29-12:38:11.646512 7f8027ecda40 Fast CRC32 supported: Not supported on x86
2019/10/29-12:38:11.646898 7f8027ecda40 [db/version_set.cc:3406] Recovering from manifest file: MANIFEST-000011
2019/10/29-12:38:11.647017 7f8027ecda40 [db/column_family.cc:475] --------------- Options for column family [default]:
2019/10/29-12:38:11.647020 7f8027ecda40               Options.comparator: leveldb.BytewiseComparator
2019/10/29-12:38:11.647022 7f8027ecda40           Options.merge_operator: None
2019/10/29-12:38:11.647024 7f8027ecda40        Options.compaction_filter: None
2019/10/29-12:38:11.647026 7f8027ecda40        Options.compaction_filter_factory: None
2019/10/29-12:38:11.647028 7f8027ecda40         Options.memtable_factory: SkipListFactory
2019/10/29-12:38:11.647030 7f8027ecda40            Options.table_factory: BlockBasedTable
2019/10/29-12:38:11.647065 7f8027ecda40            table_factory options:   flush_block_policy_factory: FlushBlockBySizePolicyFactory (0x2fae7b0)
  cache_index_and_filter_blocks: 0
  cache_index_and_filter_blocks_with_high_priority: 0
  pin_l0_filter_and_index_blocks_in_cache: 0
  pin_top_level_index_and_filter: 1
  index_type: 0
  hash_index_allow_collision: 1
  checksum: 1
  no_block_cache: 0
  block_cache: 0x2fa23f0
  block_cache_name: LRUCache
  block_cache_options:
    capacity : 8388608
    num_shard_bits : 4
    strict_capacity_limit : 0
    high_pri_pool_ratio: 0.000
  block_cache_compressed: (nil)
  persistent_cache: (nil)
  block_size: 4096
  block_size_deviation: 10
  block_restart_interval: 16
  index_block_restart_interval: 1
  metadata_block_size: 4096
  partition_filters: 0
  use_delta_encoding: 1
  filter_policy: nullptr
  whole_key_filtering: 1
  verify_compression: 0
  read_amp_bytes_per_bit: 0
  format_version: 2
  enable_index_compression: 1
  block_align: 0
2019/10/29-12:38:11.647094 7f8027ecda40        Options.write_buffer_size: 67108864
2019/10/29-12:38:11.647097 7f8027ecda40  Options.max_write_buffer_number: 2
2019/10/29-12:38:11.647100 7f8027ecda40          Options.compression: Snappy
2019/10/29-12:38:11.647101 7f8027ecda40                  Options.bottommost_compression: Disabled
2019/10/29-12:38:11.647103 7f8027ecda40       Options.prefix_extractor: nullptr
2019/10/29-12:38:11.647105 7f8027ecda40   Options.memtable_insert_with_hint_prefix_extractor: nullptr
2019/10/29-12:38:11.647107 7f8027ecda40             Options.num_levels: 7
2019/10/29-12:38:11.647108 7f8027ecda40        Options.min_write_buffer_number_to_merge: 1
2019/10/29-12:38:11.647110 7f8027ecda40     Options.max_write_buffer_number_to_maintain: 0
2019/10/29-12:38:11.647112 7f8027ecda40            Options.bottommost_compression_opts.window_bits: -14
2019/10/29-12:38:11.647114 7f8027ecda40                  Options.bottommost_compression_opts.level: 32767
2019/10/29-12:38:11.647116 7f8027ecda40               Options.bottommost_compression_opts.strategy: 0
2019/10/29-12:38:11.647117 7f8027ecda40         Options.bottommost_compression_opts.max_dict_bytes: 0
2019/10/29-12:38:11.647119 7f8027ecda40         Options.bottommost_compression_opts.zstd_max_train_bytes: 0
2019/10/29-12:38:11.647120 7f8027ecda40                  Options.bottommost_compression_opts.enabled: false
2019/10/29-12:38:11.647122 7f8027ecda40            Options.compression_opts.window_bits: -14
2019/10/29-12:38:11.647124 7f8027ecda40                  Options.compression_opts.level: 32767
2019/10/29-12:38:11.647125 7f8027ecda40               Options.compression_opts.strategy: 0
2019/10/29-12:38:11.647127 7f8027ecda40         Options.compression_opts.max_dict_bytes: 0
2019/10/29-12:38:11.647129 7f8027ecda40         Options.compression_opts.zstd_max_train_bytes: 0
2019/10/29-12:38:11.647130 7f8027ecda40                  Options.compression_opts.enabled: false
2019/10/29-12:38:11.647132 7f8027ecda40      Options.level0_file_num_compaction_trigger: 4
2019/10/29-12:38:11.647134 7f8027ecda40          Options.level0_slowdown_writes_trigger: 20
2019/10/29-12:38:11.647135 7f8027ecda40              Options.level0_stop_writes_trigger: 36
2019/10/29-12:38:11.647137 7f8027ecda40                   Options.target_file_size_base: 67108864
2019/10/29-12:38:11.647139 7f8027ecda40             Options.target_file_size_multiplier: 1
2019/10/29-12:38:11.647140 7f8027ecda40                Options.max_bytes_for_level_base: 268435456
2019/10/29-12:38:11.647142 7f8027ecda40 Options.level_compaction_dynamic_level_bytes: 0
2019/10/29-12:38:11.647144 7f8027ecda40          Options.max_bytes_for_level_multiplier: 10.000000
2019/10/29-12:38:11.647148 7f8027ecda40 Options.max_bytes_for_level_multiplier_addtl[0]: 1
2019/10/29-12:38:11.647150 7f8027ecda40 Options.max_bytes_for_level_multiplier_addtl[1]: 1
2019/10/29-12:38:11.647152 7f8027ecda40 Options.max_bytes_for_level_multiplier_addtl[2]: 1
2019/10/29-12:38:11.647154 7f8027ecda40 Options.max_bytes_for_level_multiplier_addtl[3]: 1
2019/10/29-12:38:11.647156 7f8027ecda40 Options.max_bytes_for_level_multiplier_addtl[4]: 1
2019/10/29-12:38:11.647157 7f8027ecda40 Options.max_bytes_for_level_multiplier_addtl[5]: 1
2019/10/29-12:38:11.647159 7f8027ecda40 Options.max_bytes_for_level_multiplier_addtl[6]: 1
2019/10/29-12:38:11.647161 7f8027ecda40       Options.max_sequential_skip_in_iterations: 8
2019/10/29-12:38:11.647175 7f8027ecda40                    Options.max_compaction_bytes: 1677721600
2019/10/29-12:38:11.647178 7f8027ecda40                        Options.arena_block_size: 8388608
2019/10/29-12:38:11.647180 7f8027ecda40   Options.soft_pending_compaction_bytes_limit: 68719476736
2019/10/29-12:38:11.647182 7f8027ecda40   Options.hard_pending_compaction_bytes_limit: 274877906944
2019/10/29-12:38:11.647183 7f8027ecda40       Options.rate_limit_delay_max_milliseconds: 100
2019/10/29-12:38:11.647185 7f8027ecda40                Options.disable_auto_compactions: 0
2019/10/29-12:38:11.647188 7f8027ecda40                        Options.compaction_style: kCompactionStyleLevel
2019/10/29-12:38:11.647191 7f8027ecda40                          Options.compaction_pri: kByCompensatedSize
2019/10/29-12:38:11.647193 7f8027ecda40 Options.compaction_options_universal.size_ratio: 1
2019/10/29-12:38:11.647195 7f8027ecda40 Options.compaction_options_universal.min_merge_width: 2
2019/10/29-12:38:11.647196 7f8027ecda40 Options.compaction_options_universal.max_merge_width: 4294967295
2019/10/29-12:38:11.647198 7f8027ecda40 Options.compaction_options_universal.max_size_amplification_percent: 200
2019/10/29-12:38:11.647200 7f8027ecda40 Options.compaction_options_universal.compression_size_percent: -1
2019/10/29-12:38:11.647203 7f8027ecda40 Options.compaction_options_universal.stop_style: kCompactionStopStyleTotalSize
2019/10/29-12:38:11.647205 7f8027ecda40 Options.compaction_options_fifo.max_table_files_size: 1073741824
2019/10/29-12:38:11.647207 7f8027ecda40 Options.compaction_options_fifo.allow_compaction: 0
2019/10/29-12:38:11.647209 7f8027ecda40 Options.compaction_options_fifo.ttl: 0
2019/10/29-12:38:11.647211 7f8027ecda40                   Options.table_properties_collectors: 
2019/10/29-12:38:11.647213 7f8027ecda40                   Options.inplace_update_support: 0
2019/10/29-12:38:11.647215 7f8027ecda40                 Options.inplace_update_num_locks: 10000
2019/10/29-12:38:11.647216 7f8027ecda40               Options.memtable_prefix_bloom_size_ratio: 0.000000
2019/10/29-12:38:11.647219 7f8027ecda40   Options.memtable_huge_page_size: 0
2019/10/29-12:38:11.647221 7f8027ecda40                           Options.bloom_locality: 0
2019/10/29-12:38:11.647222 7f8027ecda40                    Options.max_successive_merges: 0
2019/10/29-12:38:11.647224 7f8027ecda40                Options.optimize_filters_for_hits: 0
2019/10/29-12:38:11.647226 7f8027ecda40                Options.paranoid_file_checks: 0
2019/10/29-12:38:11.647227 7f8027ecda40                Options.force_consistency_checks: 0
2019/10/29-12:38:11.647229 7f8027ecda40                Options.report_bg_io_stats: 0
2019/10/29-12:38:11.647230 7f8027ecda40                               Options.ttl: 0
2019/10/29-12:38:11.657884 7f8027ecda40 [db/version_set.cc:3610] Recovered from manifest file:test8.db/MANIFEST-000011 succeeded,manifest_file_number is 11, next_file_number is 13, last_sequence is 189, log_number is 0,prev_log_number is 0,max_column_family is 0,min_log_number_to_keep is 0
2019/10/29-12:38:11.657903 7f8027ecda40 [db/version_set.cc:3618] Column family [default] (ID 0), log number is 10
2019/10/29-12:38:11.658114 7f8027ecda40 EVENT_LOG_v1 {"time_micros": 1572349091658099, "job": 1, "event": "recovery_started", "log_files": [12]}
2019/10/29-12:38:11.658121 7f8027ecda40 [db/db_impl_open.cc:561] Recovering log #12 mode 2
2019/10/29-12:38:11.663339 7f8027ecda40 EVENT_LOG_v1 {"time_micros": 1572349091663328, "cf_name": "default", "job": 1, "event": "table_file_creation", "file_number": 13, "file_size": 1901, "table_properties": {"data_size": 1254, "index_size": 28, "filter_size": 0, "raw_key_size": 1477, "raw_average_key_size": 26, "raw_value_size": 1981, "raw_average_value_size": 35, "num_data_blocks": 1, "num_entries": 56, "filter_policy_name": "", "kDeletedKeys": "0", "kMergeOperands": "0"}}
2019/10/29-12:38:11.663414 7f8027ecda40 [db/version_set.cc:2936] Creating manifest 14
2019/10/29-12:38:11.667655 7f8027ecda40 EVENT_LOG_v1 {"time_micros": 1572349091667651, "job": 1, "event": "recovery_finished"}
2019/10/29-12:38:11.674804 7f8027ecda40 [db/db_impl_open.cc:1287] DB pointer 0x2fb94a0
2019/10/29-12:38:11.675026 7f800ffff700 [WARN] [db/db_impl.cc:625] ------- DUMPING STATS -------
2019/10/29-12:38:11.675107 7f800ffff700 [WARN] [db/db_impl.cc:626] 
** DB Stats **
Uptime(secs): 0.0 total, 0.0 interval
Cumulative writes: 0 writes, 0 keys, 0 commit groups, 0.0 writes per commit group, ingest: 0.00 GB, 0.00 MB/s
Cumulative WAL: 0 writes, 0 syncs, 0.00 writes per sync, written: 0.00 GB, 0.00 MB/s
Cumulative stall: 00:00:0.000 H:M:S, 0.0 percent
Interval writes: 0 writes, 0 keys, 0 commit groups, 0.0 writes per commit group, ingest: 0.00 MB, 0.00 MB/s
Interval WAL: 0 writes, 0 syncs, 0.00 writes per sync, written: 0.00 MB, 0.00 MB/s
Interval stall: 00:00:0.000 H:M:S, 0.0 percent

** Compaction Stats [default] **
Level    Files   Size     Score Read(GB)  Rn(GB) Rnp1(GB) Write(GB) Wnew(GB) Moved(GB) W-Amp Rd(MB/s) Wr(MB/s) Comp(sec) Comp(cnt) Avg(sec) KeyIn KeyDrop
----------------------------------------------------------------------------------------------------------------------------------------------------------
  L0      4/0    7.98 KB   1.0      0.0     0.0      0.0       0.0      0.0       0.0   1.0      0.0      0.4         0         1    0.005       0      0
 Sum      4/0    7.98 KB   0.0      0.0     0.0      0.0       0.0      0.0       0.0   1.0      0.0      0.4         0         1    0.005       0      0
 Int      0/0    0.00 KB   0.0      0.0     0.0      0.0       0.0      0.0       0.0   1.0      0.0      0.4         0         1    0.005       0      0
Uptime(secs): 0.0 total, 0.0 interval
Flush(GB): cumulative 0.000, interval 0.000
AddFile(GB): cumulative 0.000, interval 0.000
AddFile(Total Files): cumulative 0, interval 0
AddFile(L0 Files): cumulative 0, interval 0
AddFile(Keys): cumulative 0, interval 0
Cumulative compaction: 0.00 GB write, 0.06 MB/s write, 0.00 GB read, 0.00 MB/s read, 0.0 seconds
Interval compaction: 0.00 GB write, 0.06 MB/s write, 0.00 GB read, 0.00 MB/s read, 0.0 seconds
Stalls(count): 0 level0_slowdown, 0 level0_slowdown_with_compaction, 0 level0_numfiles, 0 level0_numfiles_with_compaction, 0 stop for pending_compaction_bytes, 0 slowdown for pending_compaction_bytes, 0 memtable_compaction, 0 memtable_slowdown, interval 0 total count

** File Read Latency Histogram By Level [default] **

** Compaction Stats [default] **
Level    Files   Size     Score Read(GB)  Rn(GB) Rnp1(GB) Write(GB) Wnew(GB) Moved(GB) W-Amp Rd(MB/s) Wr(MB/s) Comp(sec) Comp(cnt) Avg(sec) KeyIn KeyDrop
----------------------------------------------------------------------------------------------------------------------------------------------------------
  L0      4/0    7.98 KB   1.0      0.0     0.0      0.0       0.0      0.0       0.0   1.0      0.0      0.4         0         1    0.005       0      0
 Sum      4/0    7.98 KB   0.0      0.0     0.0      0.0       0.0      0.0       0.0   1.0      0.0      0.4         0         1    0.005       0      0
 Int      0/0    0.00 KB   0.0      0.0     0.0      0.0       0.0      0.0       0.0   0.0      0.0      0.0         0         0    0.000       0      0
Uptime(secs): 0.0 total, 0.0 interval
Flush(GB): cumulative 0.000, interval 0.000
AddFile(GB): cumulative 0.000, interval 0.000
AddFile(Total Files): cumulative 0, interval 0
AddFile(L0 Files): cumulative 0, interval 0
AddFile(Keys): cumulative 0, interval 0
Cumulative compaction: 0.00 GB write, 0.06 MB/s write, 0.00 GB read, 0.00 MB/s read, 0.0 seconds
Interval compaction: 0.00 GB write, 0.00 MB/s write, 0.00 GB read, 0.00 MB/s read, 0.0 seconds
Stalls(count): 0 level0_slowdown, 0 level0_slowdown_with_compaction, 0 level0_numfiles, 0 level0_numfiles_with_compaction, 0 stop for pending_compaction_bytes, 0 slowdown for pending_compaction_bytes, 0 memtable_compaction, 0 memtable_slowdown, interval 0 total count

** File Read Latency Histogram By Level [default] **
2019/10/29-12:38:11.675167 7f800ffff700 [db/compaction_job.cc:1636] [default] [JOB 3] Compacting 4@0 files to L1, score 1.00
2019/10/29-12:38:11.675183 7f800ffff700 [db/compaction_job.cc:1640] [default] Compaction start summary: Base version 2 Base level 0, inputs: [13(1901B) 10(1632B) 7(2772B) 4(1866B)]
2019/10/29-12:38:11.675278 7f800ffff700 EVENT_LOG_v1 {"time_micros": 1572349091675242, "job": 3, "event": "compaction_started", "compaction_reason": "LevelL0FilesNum", "files_L0": [13, 10, 7, 4], "score": 1, "input_data_size": 8171}
2019/10/29-12:38:11.678658 7f800ffff700 [db/compaction_job.cc:1324] [default] [JOB 3] Generated table #18: 119 keys, 2649 bytes
2019/10/29-12:38:11.678685 7f800ffff700 EVENT_LOG_v1 {"time_micros": 1572349091678674, "cf_name": "default", "job": 3, "event": "table_file_creation", "file_number": 18, "file_size": 2649, "table_properties": {"data_size": 1975, "index_size": 55, "filter_size": 0, "raw_key_size": 3150, "raw_average_key_size": 26, "raw_value_size": 4218, "raw_average_value_size": 35, "num_data_blocks": 2, "num_entries": 119, "filter_policy_name": "", "kDeletedKeys": "0", "kMergeOperands": "0"}}
2019/10/29-12:38:11.683393 7f800ffff700 [db/compaction_job.cc:1390] [default] [JOB 3] Compacted 4@0 files to L1 => 2649 bytes
2019/10/29-12:38:11.684811 7f800ffff700 (Original Log Time 2019/10/29-12:38:11.684759) [db/compaction_job.cc:752] [default] compacted to: base level 1 max bytes base 268435456 files[0 1 0 0 0 0 0] max score 0.00, MB/sec: 2.4 rd, 0.8 wr, level 1, files in(4, 0) out(1) MB in(0.0, 0.0) out(0.0), read-write-amplify(1.3) write-amplify(0.3) OK, records in: 245, records dropped: 126 output_compression: Snappy
2019/10/29-12:38:11.684816 7f800ffff700 (Original Log Time 2019/10/29-12:38:11.684784) EVENT_LOG_v1 {"time_micros": 1572349091684774, "job": 3, "event": "compaction_finished", "compaction_time_micros": 3429, "output_level": 1, "num_output_files": 1, "total_output_size": 2649, "num_input_records": 245, "num_output_records": 119, "num_subcompactions": 1, "output_compression": "Snappy", "num_single_delete_mismatches": 0, "num_single_delete_fallthrough": 0, "lsm_state": [0, 1, 0, 0, 0, 0, 0]}
2019/10/29-12:38:11.684933 7f800ffff700 EVENT_LOG_v1 {"time_micros": 1572349091684930, "job": 3, "event": "table_file_deletion", "file_number": 13}
2019/10/29-12:38:11.685014 7f800ffff700 EVENT_LOG_v1 {"time_micros": 1572349091685011, "job": 3, "event": "table_file_deletion", "file_number": 10}
2019/10/29-12:38:11.685093 7f800ffff700 EVENT_LOG_v1 {"time_micros": 1572349091685091, "job": 3, "event": "table_file_deletion", "file_number": 7}
2019/10/29-12:38:11.685159 7f800ffff700 EVENT_LOG_v1 {"time_micros": 1572349091685157, "job": 3, "event": "table_file_deletion", "file_number": 4}
