2019/10/29-12:19:40.899959 7f1a1c4fda40 RocksDB version: 5.17.2
2019/10/29-12:19:40.900083 7f1a1c4fda40 Git sha rocksdb_build_git_sha:
2019/10/29-12:19:40.900086 7f1a1c4fda40 Compile date Dec 19 2018
2019/10/29-12:19:40.900094 7f1a1c4fda40 DB SUMMARY
2019/10/29-12:19:40.900176 7f1a1c4fda40 CURRENT file:  CURRENT
2019/10/29-12:19:40.900180 7f1a1c4fda40 IDENTITY file:  IDENTITY
2019/10/29-12:19:40.900189 7f1a1c4fda40 MANIFEST file:  MANIFEST-000011 size: 236 Bytes
2019/10/29-12:19:40.900194 7f1a1c4fda40 SST files in test7.db dir, Total Num: 3, files: 000004.sst 000007.sst 000010.sst 
2019/10/29-12:19:40.900197 7f1a1c4fda40 Write Ahead Log file in test7.db: 000012.log size: 3176 ; 
2019/10/29-12:19:40.900202 7f1a1c4fda40                         Options.error_if_exists: 0
2019/10/29-12:19:40.900204 7f1a1c4fda40                       Options.create_if_missing: 1
2019/10/29-12:19:40.900207 7f1a1c4fda40                         Options.paranoid_checks: 1
2019/10/29-12:19:40.900209 7f1a1c4fda40                                     Options.env: 0x7f1a1c4f2300
2019/10/29-12:19:40.900211 7f1a1c4fda40                                Options.info_log: 0x23265c0
2019/10/29-12:19:40.900213 7f1a1c4fda40                Options.max_file_opening_threads: 16
2019/10/29-12:19:40.900215 7f1a1c4fda40                              Options.statistics: (nil)
2019/10/29-12:19:40.900217 7f1a1c4fda40                               Options.use_fsync: 0
2019/10/29-12:19:40.900219 7f1a1c4fda40                       Options.max_log_file_size: 0
2019/10/29-12:19:40.900221 7f1a1c4fda40                  Options.max_manifest_file_size: 1073741824
2019/10/29-12:19:40.900223 7f1a1c4fda40                   Options.log_file_time_to_roll: 0
2019/10/29-12:19:40.900226 7f1a1c4fda40                       Options.keep_log_file_num: 1000
2019/10/29-12:19:40.900228 7f1a1c4fda40                    Options.recycle_log_file_num: 0
2019/10/29-12:19:40.900230 7f1a1c4fda40                         Options.allow_fallocate: 1
2019/10/29-12:19:40.900232 7f1a1c4fda40                        Options.allow_mmap_reads: 0
2019/10/29-12:19:40.900234 7f1a1c4fda40                       Options.allow_mmap_writes: 0
2019/10/29-12:19:40.900236 7f1a1c4fda40                        Options.use_direct_reads: 0
2019/10/29-12:19:40.900238 7f1a1c4fda40                        Options.use_direct_io_for_flush_and_compaction: 0
2019/10/29-12:19:40.900240 7f1a1c4fda40          Options.create_missing_column_families: 0
2019/10/29-12:19:40.900241 7f1a1c4fda40                              Options.db_log_dir: 
2019/10/29-12:19:40.900243 7f1a1c4fda40                                 Options.wal_dir: test7.db
2019/10/29-12:19:40.900245 7f1a1c4fda40                Options.table_cache_numshardbits: 6
2019/10/29-12:19:40.900247 7f1a1c4fda40                      Options.max_subcompactions: 1
2019/10/29-12:19:40.900249 7f1a1c4fda40                  Options.max_background_flushes: -1
2019/10/29-12:19:40.900251 7f1a1c4fda40                         Options.WAL_ttl_seconds: 0
2019/10/29-12:19:40.900253 7f1a1c4fda40                       Options.WAL_size_limit_MB: 0
2019/10/29-12:19:40.900255 7f1a1c4fda40             Options.manifest_preallocation_size: 4194304
2019/10/29-12:19:40.900256 7f1a1c4fda40                     Options.is_fd_close_on_exec: 1
2019/10/29-12:19:40.900258 7f1a1c4fda40                   Options.advise_random_on_open: 1
2019/10/29-12:19:40.900260 7f1a1c4fda40                    Options.db_write_buffer_size: 0
2019/10/29-12:19:40.900261 7f1a1c4fda40                    Options.write_buffer_manager: 0x2323a90
2019/10/29-12:19:40.900263 7f1a1c4fda40         Options.access_hint_on_compaction_start: 1
2019/10/29-12:19:40.900265 7f1a1c4fda40  Options.new_table_reader_for_compaction_inputs: 0
2019/10/29-12:19:40.900266 7f1a1c4fda40           Options.random_access_max_buffer_size: 1048576
2019/10/29-12:19:40.900268 7f1a1c4fda40                      Options.use_adaptive_mutex: 0
2019/10/29-12:19:40.900270 7f1a1c4fda40                            Options.rate_limiter: (nil)
2019/10/29-12:19:40.900272 7f1a1c4fda40     Options.sst_file_manager.rate_bytes_per_sec: 0
2019/10/29-12:19:40.900274 7f1a1c4fda40                       Options.wal_recovery_mode: 2
2019/10/29-12:19:40.900301 7f1a1c4fda40                  Options.enable_thread_tracking: 0
2019/10/29-12:19:40.900304 7f1a1c4fda40                  Options.enable_pipelined_write: 0
2019/10/29-12:19:40.900306 7f1a1c4fda40         Options.allow_concurrent_memtable_write: 1
2019/10/29-12:19:40.900308 7f1a1c4fda40      Options.enable_write_thread_adaptive_yield: 1
2019/10/29-12:19:40.900310 7f1a1c4fda40             Options.write_thread_max_yield_usec: 100
2019/10/29-12:19:40.900311 7f1a1c4fda40            Options.write_thread_slow_yield_usec: 3
2019/10/29-12:19:40.900313 7f1a1c4fda40                               Options.row_cache: None
2019/10/29-12:19:40.900314 7f1a1c4fda40                              Options.wal_filter: None
2019/10/29-12:19:40.900316 7f1a1c4fda40             Options.avoid_flush_during_recovery: 0
2019/10/29-12:19:40.900317 7f1a1c4fda40             Options.allow_ingest_behind: 0
2019/10/29-12:19:40.900318 7f1a1c4fda40             Options.preserve_deletes: 0
2019/10/29-12:19:40.900320 7f1a1c4fda40             Options.two_write_queues: 0
2019/10/29-12:19:40.900321 7f1a1c4fda40             Options.manual_wal_flush: 0
2019/10/29-12:19:40.900322 7f1a1c4fda40             Options.max_background_jobs: 2
2019/10/29-12:19:40.900324 7f1a1c4fda40             Options.max_background_compactions: -1
2019/10/29-12:19:40.900325 7f1a1c4fda40             Options.avoid_flush_during_shutdown: 0
2019/10/29-12:19:40.900326 7f1a1c4fda40           Options.writable_file_max_buffer_size: 1048576
2019/10/29-12:19:40.900328 7f1a1c4fda40             Options.delayed_write_rate : 16777216
2019/10/29-12:19:40.900329 7f1a1c4fda40             Options.max_total_wal_size: 0
2019/10/29-12:19:40.900331 7f1a1c4fda40             Options.delete_obsolete_files_period_micros: 21600000000
2019/10/29-12:19:40.900332 7f1a1c4fda40                   Options.stats_dump_period_sec: 600
2019/10/29-12:19:40.900334 7f1a1c4fda40                          Options.max_open_files: -1
2019/10/29-12:19:40.900335 7f1a1c4fda40                          Options.bytes_per_sync: 0
2019/10/29-12:19:40.900336 7f1a1c4fda40                      Options.wal_bytes_per_sync: 0
2019/10/29-12:19:40.900338 7f1a1c4fda40       Options.compaction_readahead_size: 0
2019/10/29-12:19:40.900339 7f1a1c4fda40 Compression algorithms supported:
2019/10/29-12:19:40.900341 7f1a1c4fda40 	kZSTDNotFinalCompression supported: 1
2019/10/29-12:19:40.900344 7f1a1c4fda40 	kZSTD supported: 1
2019/10/29-12:19:40.900346 7f1a1c4fda40 	kXpressCompression supported: 0
2019/10/29-12:19:40.900348 7f1a1c4fda40 	kLZ4HCCompression supported: 1
2019/10/29-12:19:40.900349 7f1a1c4fda40 	kLZ4Compression supported: 1
2019/10/29-12:19:40.900351 7f1a1c4fda40 	kBZip2Compression supported: 1
2019/10/29-12:19:40.900352 7f1a1c4fda40 	kZlibCompression supported: 1
2019/10/29-12:19:40.900354 7f1a1c4fda40 	kSnappyCompression supported: 1
2019/10/29-12:19:40.900356 7f1a1c4fda40 Fast CRC32 supported: Not supported on x86
2019/10/29-12:19:40.900527 7f1a1c4fda40 [db/version_set.cc:3406] Recovering from manifest file: MANIFEST-000011
2019/10/29-12:19:40.900624 7f1a1c4fda40 [db/column_family.cc:475] --------------- Options for column family [default]:
2019/10/29-12:19:40.900627 7f1a1c4fda40               Options.comparator: leveldb.BytewiseComparator
2019/10/29-12:19:40.900628 7f1a1c4fda40           Options.merge_operator: None
2019/10/29-12:19:40.900630 7f1a1c4fda40        Options.compaction_filter: None
2019/10/29-12:19:40.900631 7f1a1c4fda40        Options.compaction_filter_factory: None
2019/10/29-12:19:40.900633 7f1a1c4fda40         Options.memtable_factory: SkipListFactory
2019/10/29-12:19:40.900635 7f1a1c4fda40            Options.table_factory: BlockBasedTable
2019/10/29-12:19:40.900669 7f1a1c4fda40            table_factory options:   flush_block_policy_factory: FlushBlockBySizePolicyFactory (0x231a7b0)
  cache_index_and_filter_blocks: 0
  cache_index_and_filter_blocks_with_high_priority: 0
  pin_l0_filter_and_index_blocks_in_cache: 0
  pin_top_level_index_and_filter: 1
  index_type: 0
  hash_index_allow_collision: 1
  checksum: 1
  no_block_cache: 0
  block_cache: 0x230e3f0
  block_cache_name: LRUCache
  block_cache_options:
    capacity : 8388608
    num_shard_bits : 4
    strict_capacity_limit : 0
    high_pri_pool_ratio: 0.000
  block_cache_compressed: (nil)
  persistent_cache: (nil)
  block_size: 4096
  block_size_deviation: 10
  block_restart_interval: 16
  index_block_restart_interval: 1
  metadata_block_size: 4096
  partition_filters: 0
  use_delta_encoding: 1
  filter_policy: nullptr
  whole_key_filtering: 1
  verify_compression: 0
  read_amp_bytes_per_bit: 0
  format_version: 2
  enable_index_compression: 1
  block_align: 0
2019/10/29-12:19:40.900695 7f1a1c4fda40        Options.write_buffer_size: 67108864
2019/10/29-12:19:40.900698 7f1a1c4fda40  Options.max_write_buffer_number: 2
2019/10/29-12:19:40.900700 7f1a1c4fda40          Options.compression: Snappy
2019/10/29-12:19:40.900701 7f1a1c4fda40                  Options.bottommost_compression: Disabled
2019/10/29-12:19:40.900703 7f1a1c4fda40       Options.prefix_extractor: nullptr
2019/10/29-12:19:40.900704 7f1a1c4fda40   Options.memtable_insert_with_hint_prefix_extractor: nullptr
2019/10/29-12:19:40.900706 7f1a1c4fda40             Options.num_levels: 7
2019/10/29-12:19:40.900707 7f1a1c4fda40        Options.min_write_buffer_number_to_merge: 1
2019/10/29-12:19:40.900708 7f1a1c4fda40     Options.max_write_buffer_number_to_maintain: 0
2019/10/29-12:19:40.900710 7f1a1c4fda40            Options.bottommost_compression_opts.window_bits: -14
2019/10/29-12:19:40.900711 7f1a1c4fda40                  Options.bottommost_compression_opts.level: 32767
2019/10/29-12:19:40.900713 7f1a1c4fda40               Options.bottommost_compression_opts.strategy: 0
2019/10/29-12:19:40.900714 7f1a1c4fda40         Options.bottommost_compression_opts.max_dict_bytes: 0
2019/10/29-12:19:40.900716 7f1a1c4fda40         Options.bottommost_compression_opts.zstd_max_train_bytes: 0
2019/10/29-12:19:40.900717 7f1a1c4fda40                  Options.bottommost_compression_opts.enabled: false
2019/10/29-12:19:40.900719 7f1a1c4fda40            Options.compression_opts.window_bits: -14
2019/10/29-12:19:40.900720 7f1a1c4fda40                  Options.compression_opts.level: 32767
2019/10/29-12:19:40.900721 7f1a1c4fda40               Options.compression_opts.strategy: 0
2019/10/29-12:19:40.900723 7f1a1c4fda40         Options.compression_opts.max_dict_bytes: 0
2019/10/29-12:19:40.900724 7f1a1c4fda40         Options.compression_opts.zstd_max_train_bytes: 0
2019/10/29-12:19:40.900725 7f1a1c4fda40                  Options.compression_opts.enabled: false
2019/10/29-12:19:40.900727 7f1a1c4fda40      Options.level0_file_num_compaction_trigger: 4
2019/10/29-12:19:40.900728 7f1a1c4fda40          Options.level0_slowdown_writes_trigger: 20
2019/10/29-12:19:40.900729 7f1a1c4fda40              Options.level0_stop_writes_trigger: 36
2019/10/29-12:19:40.900731 7f1a1c4fda40                   Options.target_file_size_base: 67108864
2019/10/29-12:19:40.900732 7f1a1c4fda40             Options.target_file_size_multiplier: 1
2019/10/29-12:19:40.900734 7f1a1c4fda40                Options.max_bytes_for_level_base: 268435456
2019/10/29-12:19:40.900735 7f1a1c4fda40 Options.level_compaction_dynamic_level_bytes: 0
2019/10/29-12:19:40.900736 7f1a1c4fda40          Options.max_bytes_for_level_multiplier: 10.000000
2019/10/29-12:19:40.900740 7f1a1c4fda40 Options.max_bytes_for_level_multiplier_addtl[0]: 1
2019/10/29-12:19:40.900742 7f1a1c4fda40 Options.max_bytes_for_level_multiplier_addtl[1]: 1
2019/10/29-12:19:40.900743 7f1a1c4fda40 Options.max_bytes_for_level_multiplier_addtl[2]: 1
2019/10/29-12:19:40.900745 7f1a1c4fda40 Options.max_bytes_for_level_multiplier_addtl[3]: 1
2019/10/29-12:19:40.900746 7f1a1c4fda40 Options.max_bytes_for_level_multiplier_addtl[4]: 1
2019/10/29-12:19:40.900748 7f1a1c4fda40 Options.max_bytes_for_level_multiplier_addtl[5]: 1
2019/10/29-12:19:40.900749 7f1a1c4fda40 Options.max_bytes_for_level_multiplier_addtl[6]: 1
2019/10/29-12:19:40.900750 7f1a1c4fda40       Options.max_sequential_skip_in_iterations: 8
2019/10/29-12:19:40.900764 7f1a1c4fda40                    Options.max_compaction_bytes: 1677721600
2019/10/29-12:19:40.900766 7f1a1c4fda40                        Options.arena_block_size: 8388608
2019/10/29-12:19:40.900767 7f1a1c4fda40   Options.soft_pending_compaction_bytes_limit: 68719476736
2019/10/29-12:19:40.900769 7f1a1c4fda40   Options.hard_pending_compaction_bytes_limit: 274877906944
2019/10/29-12:19:40.900770 7f1a1c4fda40       Options.rate_limit_delay_max_milliseconds: 100
2019/10/29-12:19:40.900771 7f1a1c4fda40                Options.disable_auto_compactions: 0
2019/10/29-12:19:40.900774 7f1a1c4fda40                        Options.compaction_style: kCompactionStyleLevel
2019/10/29-12:19:40.900776 7f1a1c4fda40                          Options.compaction_pri: kByCompensatedSize
2019/10/29-12:19:40.900777 7f1a1c4fda40 Options.compaction_options_universal.size_ratio: 1
2019/10/29-12:19:40.900779 7f1a1c4fda40 Options.compaction_options_universal.min_merge_width: 2
2019/10/29-12:19:40.900780 7f1a1c4fda40 Options.compaction_options_universal.max_merge_width: 4294967295
2019/10/29-12:19:40.900782 7f1a1c4fda40 Options.compaction_options_universal.max_size_amplification_percent: 200
2019/10/29-12:19:40.900783 7f1a1c4fda40 Options.compaction_options_universal.compression_size_percent: -1
2019/10/29-12:19:40.900785 7f1a1c4fda40 Options.compaction_options_universal.stop_style: kCompactionStopStyleTotalSize
2019/10/29-12:19:40.900787 7f1a1c4fda40 Options.compaction_options_fifo.max_table_files_size: 1073741824
2019/10/29-12:19:40.900788 7f1a1c4fda40 Options.compaction_options_fifo.allow_compaction: 0
2019/10/29-12:19:40.900789 7f1a1c4fda40 Options.compaction_options_fifo.ttl: 0
2019/10/29-12:19:40.900791 7f1a1c4fda40                   Options.table_properties_collectors: 
2019/10/29-12:19:40.900792 7f1a1c4fda40                   Options.inplace_update_support: 0
2019/10/29-12:19:40.900794 7f1a1c4fda40                 Options.inplace_update_num_locks: 10000
2019/10/29-12:19:40.900795 7f1a1c4fda40               Options.memtable_prefix_bloom_size_ratio: 0.000000
2019/10/29-12:19:40.900797 7f1a1c4fda40   Options.memtable_huge_page_size: 0
2019/10/29-12:19:40.900798 7f1a1c4fda40                           Options.bloom_locality: 0
2019/10/29-12:19:40.900800 7f1a1c4fda40                    Options.max_successive_merges: 0
2019/10/29-12:19:40.900801 7f1a1c4fda40                Options.optimize_filters_for_hits: 0
2019/10/29-12:19:40.900802 7f1a1c4fda40                Options.paranoid_file_checks: 0
2019/10/29-12:19:40.900804 7f1a1c4fda40                Options.force_consistency_checks: 0
2019/10/29-12:19:40.900805 7f1a1c4fda40                Options.report_bg_io_stats: 0
2019/10/29-12:19:40.900806 7f1a1c4fda40                               Options.ttl: 0
2019/10/29-12:19:40.902852 7f1a1c4fda40 [db/version_set.cc:3610] Recovered from manifest file:test7.db/MANIFEST-000011 succeeded,manifest_file_number is 11, next_file_number is 13, last_sequence is 91, log_number is 0,prev_log_number is 0,max_column_family is 0,min_log_number_to_keep is 0
2019/10/29-12:19:40.902867 7f1a1c4fda40 [db/version_set.cc:3618] Column family [default] (ID 0), log number is 10
2019/10/29-12:19:40.903024 7f1a1c4fda40 [db/db_impl.cc:365] Shutdown: canceling all background work
2019/10/29-12:19:40.903171 7f1a1c4fda40 [db/db_impl.cc:521] Shutdown complete
