2019/10/28-10:28:23.198893 7f5f6f22ba40 RocksDB version: 5.17.2
2019/10/28-10:28:23.199004 7f5f6f22ba40 Git sha rocksdb_build_git_sha:
2019/10/28-10:28:23.199007 7f5f6f22ba40 Compile date Dec 19 2018
2019/10/28-10:28:23.199009 7f5f6f22ba40 DB SUMMARY
2019/10/28-10:28:23.199097 7f5f6f22ba40 CURRENT file:  CURRENT
2019/10/28-10:28:23.199099 7f5f6f22ba40 IDENTITY file:  IDENTITY
2019/10/28-10:28:23.199110 7f5f6f22ba40 MANIFEST file:  MANIFEST-000141 size: 486 Bytes
2019/10/28-10:28:23.199114 7f5f6f22ba40 SST files in test5.db dir, Total Num: 2, files: 000071.sst 000145.sst 
2019/10/28-10:28:23.199117 7f5f6f22ba40 Write Ahead Log file in test5.db: 000142.log size: 1365 ; 
2019/10/28-10:28:23.199121 7f5f6f22ba40                         Options.error_if_exists: 0
2019/10/28-10:28:23.199124 7f5f6f22ba40                       Options.create_if_missing: 1
2019/10/28-10:28:23.199126 7f5f6f22ba40                         Options.paranoid_checks: 1
2019/10/28-10:28:23.199128 7f5f6f22ba40                                     Options.env: 0x7f5f6efda300
2019/10/28-10:28:23.199130 7f5f6f22ba40                                Options.info_log: 0x2ad17e0
2019/10/28-10:28:23.199131 7f5f6f22ba40                Options.max_file_opening_threads: 16
2019/10/28-10:28:23.199133 7f5f6f22ba40                              Options.statistics: (nil)
2019/10/28-10:28:23.199134 7f5f6f22ba40                               Options.use_fsync: 0
2019/10/28-10:28:23.199136 7f5f6f22ba40                       Options.max_log_file_size: 0
2019/10/28-10:28:23.199137 7f5f6f22ba40                  Options.max_manifest_file_size: 1073741824
2019/10/28-10:28:23.199139 7f5f6f22ba40                   Options.log_file_time_to_roll: 0
2019/10/28-10:28:23.199140 7f5f6f22ba40                       Options.keep_log_file_num: 1000
2019/10/28-10:28:23.199141 7f5f6f22ba40                    Options.recycle_log_file_num: 0
2019/10/28-10:28:23.199142 7f5f6f22ba40                         Options.allow_fallocate: 1
2019/10/28-10:28:23.199144 7f5f6f22ba40                        Options.allow_mmap_reads: 0
2019/10/28-10:28:23.199145 7f5f6f22ba40                       Options.allow_mmap_writes: 0
2019/10/28-10:28:23.199146 7f5f6f22ba40                        Options.use_direct_reads: 0
2019/10/28-10:28:23.199147 7f5f6f22ba40                        Options.use_direct_io_for_flush_and_compaction: 0
2019/10/28-10:28:23.199150 7f5f6f22ba40          Options.create_missing_column_families: 0
2019/10/28-10:28:23.199152 7f5f6f22ba40                              Options.db_log_dir: 
2019/10/28-10:28:23.199154 7f5f6f22ba40                                 Options.wal_dir: test5.db
2019/10/28-10:28:23.199155 7f5f6f22ba40                Options.table_cache_numshardbits: 6
2019/10/28-10:28:23.199157 7f5f6f22ba40                      Options.max_subcompactions: 1
2019/10/28-10:28:23.199158 7f5f6f22ba40                  Options.max_background_flushes: -1
2019/10/28-10:28:23.199160 7f5f6f22ba40                         Options.WAL_ttl_seconds: 0
2019/10/28-10:28:23.199162 7f5f6f22ba40                       Options.WAL_size_limit_MB: 0
2019/10/28-10:28:23.199164 7f5f6f22ba40             Options.manifest_preallocation_size: 4194304
2019/10/28-10:28:23.199165 7f5f6f22ba40                     Options.is_fd_close_on_exec: 1
2019/10/28-10:28:23.199167 7f5f6f22ba40                   Options.advise_random_on_open: 1
2019/10/28-10:28:23.199168 7f5f6f22ba40                    Options.db_write_buffer_size: 0
2019/10/28-10:28:23.199170 7f5f6f22ba40                    Options.write_buffer_manager: 0x2ac1690
2019/10/28-10:28:23.199172 7f5f6f22ba40         Options.access_hint_on_compaction_start: 1
2019/10/28-10:28:23.199173 7f5f6f22ba40  Options.new_table_reader_for_compaction_inputs: 0
2019/10/28-10:28:23.199175 7f5f6f22ba40           Options.random_access_max_buffer_size: 1048576
2019/10/28-10:28:23.199177 7f5f6f22ba40                      Options.use_adaptive_mutex: 0
2019/10/28-10:28:23.199178 7f5f6f22ba40                            Options.rate_limiter: (nil)
2019/10/28-10:28:23.199180 7f5f6f22ba40     Options.sst_file_manager.rate_bytes_per_sec: 0
2019/10/28-10:28:23.199182 7f5f6f22ba40                       Options.wal_recovery_mode: 2
2019/10/28-10:28:23.199204 7f5f6f22ba40                  Options.enable_thread_tracking: 0
2019/10/28-10:28:23.199206 7f5f6f22ba40                  Options.enable_pipelined_write: 0
2019/10/28-10:28:23.199208 7f5f6f22ba40         Options.allow_concurrent_memtable_write: 1
2019/10/28-10:28:23.199209 7f5f6f22ba40      Options.enable_write_thread_adaptive_yield: 1
2019/10/28-10:28:23.199211 7f5f6f22ba40             Options.write_thread_max_yield_usec: 100
2019/10/28-10:28:23.199213 7f5f6f22ba40            Options.write_thread_slow_yield_usec: 3
2019/10/28-10:28:23.199214 7f5f6f22ba40                               Options.row_cache: None
2019/10/28-10:28:23.199216 7f5f6f22ba40                              Options.wal_filter: None
2019/10/28-10:28:23.199218 7f5f6f22ba40             Options.avoid_flush_during_recovery: 0
2019/10/28-10:28:23.199219 7f5f6f22ba40             Options.allow_ingest_behind: 0
2019/10/28-10:28:23.199221 7f5f6f22ba40             Options.preserve_deletes: 0
2019/10/28-10:28:23.199222 7f5f6f22ba40             Options.two_write_queues: 0
2019/10/28-10:28:23.199224 7f5f6f22ba40             Options.manual_wal_flush: 0
2019/10/28-10:28:23.199225 7f5f6f22ba40             Options.max_background_jobs: 2
2019/10/28-10:28:23.199227 7f5f6f22ba40             Options.max_background_compactions: -1
2019/10/28-10:28:23.199228 7f5f6f22ba40             Options.avoid_flush_during_shutdown: 0
2019/10/28-10:28:23.199230 7f5f6f22ba40           Options.writable_file_max_buffer_size: 1048576
2019/10/28-10:28:23.199231 7f5f6f22ba40             Options.delayed_write_rate : 16777216
2019/10/28-10:28:23.199233 7f5f6f22ba40             Options.max_total_wal_size: 0
2019/10/28-10:28:23.199234 7f5f6f22ba40             Options.delete_obsolete_files_period_micros: 21600000000
2019/10/28-10:28:23.199236 7f5f6f22ba40                   Options.stats_dump_period_sec: 600
2019/10/28-10:28:23.199237 7f5f6f22ba40                          Options.max_open_files: -1
2019/10/28-10:28:23.199239 7f5f6f22ba40                          Options.bytes_per_sync: 0
2019/10/28-10:28:23.199240 7f5f6f22ba40                      Options.wal_bytes_per_sync: 0
2019/10/28-10:28:23.199242 7f5f6f22ba40       Options.compaction_readahead_size: 0
2019/10/28-10:28:23.199243 7f5f6f22ba40 Compression algorithms supported:
2019/10/28-10:28:23.199245 7f5f6f22ba40 	kZSTDNotFinalCompression supported: 1
2019/10/28-10:28:23.199249 7f5f6f22ba40 	kZSTD supported: 1
2019/10/28-10:28:23.199251 7f5f6f22ba40 	kXpressCompression supported: 0
2019/10/28-10:28:23.199253 7f5f6f22ba40 	kLZ4HCCompression supported: 1
2019/10/28-10:28:23.199255 7f5f6f22ba40 	kLZ4Compression supported: 1
2019/10/28-10:28:23.199256 7f5f6f22ba40 	kBZip2Compression supported: 1
2019/10/28-10:28:23.199258 7f5f6f22ba40 	kZlibCompression supported: 1
2019/10/28-10:28:23.199259 7f5f6f22ba40 	kSnappyCompression supported: 1
2019/10/28-10:28:23.199262 7f5f6f22ba40 Fast CRC32 supported: Not supported on x86
2019/10/28-10:28:23.199572 7f5f6f22ba40 [db/version_set.cc:3406] Recovering from manifest file: MANIFEST-000141
2019/10/28-10:28:23.199668 7f5f6f22ba40 [db/column_family.cc:475] --------------- Options for column family [default]:
2019/10/28-10:28:23.199672 7f5f6f22ba40               Options.comparator: leveldb.BytewiseComparator
2019/10/28-10:28:23.199674 7f5f6f22ba40           Options.merge_operator: None
2019/10/28-10:28:23.199676 7f5f6f22ba40        Options.compaction_filter: None
2019/10/28-10:28:23.199678 7f5f6f22ba40        Options.compaction_filter_factory: None
2019/10/28-10:28:23.199680 7f5f6f22ba40         Options.memtable_factory: SkipListFactory
2019/10/28-10:28:23.199682 7f5f6f22ba40            Options.table_factory: BlockBasedTable
2019/10/28-10:28:23.199718 7f5f6f22ba40            table_factory options:   flush_block_policy_factory: FlushBlockBySizePolicyFactory (0x2ac57b0)
  cache_index_and_filter_blocks: 0
  cache_index_and_filter_blocks_with_high_priority: 0
  pin_l0_filter_and_index_blocks_in_cache: 0
  pin_top_level_index_and_filter: 1
  index_type: 0
  hash_index_allow_collision: 1
  checksum: 1
  no_block_cache: 0
  block_cache: 0x2ab93f0
  block_cache_name: LRUCache
  block_cache_options:
    capacity : 8388608
    num_shard_bits : 4
    strict_capacity_limit : 0
    high_pri_pool_ratio: 0.000
  block_cache_compressed: (nil)
  persistent_cache: (nil)
  block_size: 4096
  block_size_deviation: 10
  block_restart_interval: 16
  index_block_restart_interval: 1
  metadata_block_size: 4096
  partition_filters: 0
  use_delta_encoding: 1
  filter_policy: nullptr
  whole_key_filtering: 1
  verify_compression: 0
  read_amp_bytes_per_bit: 0
  format_version: 2
  enable_index_compression: 1
  block_align: 0
2019/10/28-10:28:23.199734 7f5f6f22ba40        Options.write_buffer_size: 67108864
2019/10/28-10:28:23.199736 7f5f6f22ba40  Options.max_write_buffer_number: 2
2019/10/28-10:28:23.199738 7f5f6f22ba40          Options.compression: Snappy
2019/10/28-10:28:23.199740 7f5f6f22ba40                  Options.bottommost_compression: Disabled
2019/10/28-10:28:23.199741 7f5f6f22ba40       Options.prefix_extractor: nullptr
2019/10/28-10:28:23.199743 7f5f6f22ba40   Options.memtable_insert_with_hint_prefix_extractor: nullptr
2019/10/28-10:28:23.199745 7f5f6f22ba40             Options.num_levels: 7
2019/10/28-10:28:23.199747 7f5f6f22ba40        Options.min_write_buffer_number_to_merge: 1
2019/10/28-10:28:23.199749 7f5f6f22ba40     Options.max_write_buffer_number_to_maintain: 0
2019/10/28-10:28:23.199751 7f5f6f22ba40            Options.bottommost_compression_opts.window_bits: -14
2019/10/28-10:28:23.199753 7f5f6f22ba40                  Options.bottommost_compression_opts.level: 32767
2019/10/28-10:28:23.199762 7f5f6f22ba40               Options.bottommost_compression_opts.strategy: 0
2019/10/28-10:28:23.199763 7f5f6f22ba40         Options.bottommost_compression_opts.max_dict_bytes: 0
2019/10/28-10:28:23.199766 7f5f6f22ba40         Options.bottommost_compression_opts.zstd_max_train_bytes: 0
2019/10/28-10:28:23.199769 7f5f6f22ba40                  Options.bottommost_compression_opts.enabled: false
2019/10/28-10:28:23.199771 7f5f6f22ba40            Options.compression_opts.window_bits: -14
2019/10/28-10:28:23.199773 7f5f6f22ba40                  Options.compression_opts.level: 32767
2019/10/28-10:28:23.199775 7f5f6f22ba40               Options.compression_opts.strategy: 0
2019/10/28-10:28:23.199777 7f5f6f22ba40         Options.compression_opts.max_dict_bytes: 0
2019/10/28-10:28:23.199778 7f5f6f22ba40         Options.compression_opts.zstd_max_train_bytes: 0
2019/10/28-10:28:23.199779 7f5f6f22ba40                  Options.compression_opts.enabled: false
2019/10/28-10:28:23.199781 7f5f6f22ba40      Options.level0_file_num_compaction_trigger: 4
2019/10/28-10:28:23.199782 7f5f6f22ba40          Options.level0_slowdown_writes_trigger: 20
2019/10/28-10:28:23.199783 7f5f6f22ba40              Options.level0_stop_writes_trigger: 36
2019/10/28-10:28:23.199784 7f5f6f22ba40                   Options.target_file_size_base: 67108864
2019/10/28-10:28:23.199786 7f5f6f22ba40             Options.target_file_size_multiplier: 1
2019/10/28-10:28:23.199787 7f5f6f22ba40                Options.max_bytes_for_level_base: 268435456
2019/10/28-10:28:23.199788 7f5f6f22ba40 Options.level_compaction_dynamic_level_bytes: 0
2019/10/28-10:28:23.199789 7f5f6f22ba40          Options.max_bytes_for_level_multiplier: 10.000000
2019/10/28-10:28:23.199793 7f5f6f22ba40 Options.max_bytes_for_level_multiplier_addtl[0]: 1
2019/10/28-10:28:23.199794 7f5f6f22ba40 Options.max_bytes_for_level_multiplier_addtl[1]: 1
2019/10/28-10:28:23.199796 7f5f6f22ba40 Options.max_bytes_for_level_multiplier_addtl[2]: 1
2019/10/28-10:28:23.199816 7f5f6f22ba40 Options.max_bytes_for_level_multiplier_addtl[3]: 1
2019/10/28-10:28:23.199822 7f5f6f22ba40 Options.max_bytes_for_level_multiplier_addtl[4]: 1
2019/10/28-10:28:23.199829 7f5f6f22ba40 Options.max_bytes_for_level_multiplier_addtl[5]: 1
2019/10/28-10:28:23.199835 7f5f6f22ba40 Options.max_bytes_for_level_multiplier_addtl[6]: 1
2019/10/28-10:28:23.199838 7f5f6f22ba40       Options.max_sequential_skip_in_iterations: 8
2019/10/28-10:28:23.199859 7f5f6f22ba40                    Options.max_compaction_bytes: 1677721600
2019/10/28-10:28:23.199862 7f5f6f22ba40                        Options.arena_block_size: 8388608
2019/10/28-10:28:23.199863 7f5f6f22ba40   Options.soft_pending_compaction_bytes_limit: 68719476736
2019/10/28-10:28:23.199865 7f5f6f22ba40   Options.hard_pending_compaction_bytes_limit: 274877906944
2019/10/28-10:28:23.199866 7f5f6f22ba40       Options.rate_limit_delay_max_milliseconds: 100
2019/10/28-10:28:23.199867 7f5f6f22ba40                Options.disable_auto_compactions: 0
2019/10/28-10:28:23.199870 7f5f6f22ba40                        Options.compaction_style: kCompactionStyleLevel
2019/10/28-10:28:23.199871 7f5f6f22ba40                          Options.compaction_pri: kByCompensatedSize
2019/10/28-10:28:23.199873 7f5f6f22ba40 Options.compaction_options_universal.size_ratio: 1
2019/10/28-10:28:23.199874 7f5f6f22ba40 Options.compaction_options_universal.min_merge_width: 2
2019/10/28-10:28:23.199876 7f5f6f22ba40 Options.compaction_options_universal.max_merge_width: 4294967295
2019/10/28-10:28:23.199877 7f5f6f22ba40 Options.compaction_options_universal.max_size_amplification_percent: 200
2019/10/28-10:28:23.199879 7f5f6f22ba40 Options.compaction_options_universal.compression_size_percent: -1
2019/10/28-10:28:23.199881 7f5f6f22ba40 Options.compaction_options_universal.stop_style: kCompactionStopStyleTotalSize
2019/10/28-10:28:23.199882 7f5f6f22ba40 Options.compaction_options_fifo.max_table_files_size: 1073741824
2019/10/28-10:28:23.199884 7f5f6f22ba40 Options.compaction_options_fifo.allow_compaction: 0
2019/10/28-10:28:23.199885 7f5f6f22ba40 Options.compaction_options_fifo.ttl: 0
2019/10/28-10:28:23.199886 7f5f6f22ba40                   Options.table_properties_collectors: 
2019/10/28-10:28:23.199887 7f5f6f22ba40                   Options.inplace_update_support: 0
2019/10/28-10:28:23.199889 7f5f6f22ba40                 Options.inplace_update_num_locks: 10000
2019/10/28-10:28:23.199890 7f5f6f22ba40               Options.memtable_prefix_bloom_size_ratio: 0.000000
2019/10/28-10:28:23.199892 7f5f6f22ba40   Options.memtable_huge_page_size: 0
2019/10/28-10:28:23.199893 7f5f6f22ba40                           Options.bloom_locality: 0
2019/10/28-10:28:23.199894 7f5f6f22ba40                    Options.max_successive_merges: 0
2019/10/28-10:28:23.199895 7f5f6f22ba40                Options.optimize_filters_for_hits: 0
2019/10/28-10:28:23.199897 7f5f6f22ba40                Options.paranoid_file_checks: 0
2019/10/28-10:28:23.199898 7f5f6f22ba40                Options.force_consistency_checks: 0
2019/10/28-10:28:23.199899 7f5f6f22ba40                Options.report_bg_io_stats: 0
2019/10/28-10:28:23.199900 7f5f6f22ba40                               Options.ttl: 0
2019/10/28-10:28:23.203979 7f5f6f22ba40 [db/version_set.cc:3610] Recovered from manifest file:test5.db/MANIFEST-000141 succeeded,manifest_file_number is 141, next_file_number is 147, last_sequence is 1146, log_number is 0,prev_log_number is 0,max_column_family is 0,min_log_number_to_keep is 0
2019/10/28-10:28:23.203984 7f5f6f22ba40 [db/version_set.cc:3618] Column family [default] (ID 0), log number is 140
2019/10/28-10:28:23.204098 7f5f6f22ba40 EVENT_LOG_v1 {"time_micros": 1572254903204088, "job": 1, "event": "recovery_started", "log_files": [142]}
2019/10/28-10:28:23.204102 7f5f6f22ba40 [db/db_impl_open.cc:561] Recovering log #142 mode 2
2019/10/28-10:28:23.208071 7f5f6f22ba40 EVENT_LOG_v1 {"time_micros": 1572254903208054, "cf_name": "default", "job": 1, "event": "table_file_creation", "file_number": 147, "file_size": 1132, "table_properties": {"data_size": 485, "index_size": 28, "filter_size": 0, "raw_key_size": 528, "raw_average_key_size": 29, "raw_value_size": 582, "raw_average_value_size": 32, "num_data_blocks": 1, "num_entries": 18, "filter_policy_name": "", "kDeletedKeys": "0", "kMergeOperands": "0"}}
2019/10/28-10:28:23.208180 7f5f6f22ba40 [db/version_set.cc:2936] Creating manifest 148
2019/10/28-10:28:23.211872 7f5f6f22ba40 EVENT_LOG_v1 {"time_micros": 1572254903211868, "job": 1, "event": "recovery_finished"}
2019/10/28-10:28:23.219966 7f5f6f22ba40 [db/db_impl_open.cc:1287] DB pointer 0x2ad04a0
