2019/10/29-16:43:00.386548 7f6d8ffff700 RocksDB version: 5.17.2
2019/10/29-16:43:00.386606 7f6d8ffff700 Git sha rocksdb_build_git_sha:
2019/10/29-16:43:00.386611 7f6d8ffff700 Compile date Dec 19 2018
2019/10/29-16:43:00.386614 7f6d8ffff700 DB SUMMARY
2019/10/29-16:43:00.386652 7f6d8ffff700 SST files in test6.db dir, Total Num: 0, files: 
2019/10/29-16:43:00.386656 7f6d8ffff700 Write Ahead Log file in test6.db: 
2019/10/29-16:43:00.386659 7f6d8ffff700                         Options.error_if_exists: 0
2019/10/29-16:43:00.386662 7f6d8ffff700                       Options.create_if_missing: 1
2019/10/29-16:43:00.386665 7f6d8ffff700                         Options.paranoid_checks: 1
2019/10/29-16:43:00.386667 7f6d8ffff700                                     Options.env: 0x7f6d96d92300
2019/10/29-16:43:00.386670 7f6d8ffff700                                Options.info_log: 0x7f6d7c003f80
2019/10/29-16:43:00.386672 7f6d8ffff700                Options.max_file_opening_threads: 16
2019/10/29-16:43:00.386677 7f6d8ffff700                              Options.statistics: (nil)
2019/10/29-16:43:00.386680 7f6d8ffff700                               Options.use_fsync: 0
2019/10/29-16:43:00.386683 7f6d8ffff700                       Options.max_log_file_size: 0
2019/10/29-16:43:00.386686 7f6d8ffff700                  Options.max_manifest_file_size: 1073741824
2019/10/29-16:43:00.386689 7f6d8ffff700                   Options.log_file_time_to_roll: 0
2019/10/29-16:43:00.386692 7f6d8ffff700                       Options.keep_log_file_num: 1000
2019/10/29-16:43:00.386695 7f6d8ffff700                    Options.recycle_log_file_num: 0
2019/10/29-16:43:00.386698 7f6d8ffff700                         Options.allow_fallocate: 1
2019/10/29-16:43:00.386702 7f6d8ffff700                        Options.allow_mmap_reads: 0
2019/10/29-16:43:00.386705 7f6d8ffff700                       Options.allow_mmap_writes: 0
2019/10/29-16:43:00.386708 7f6d8ffff700                        Options.use_direct_reads: 0
2019/10/29-16:43:00.386711 7f6d8ffff700                        Options.use_direct_io_for_flush_and_compaction: 0
2019/10/29-16:43:00.386714 7f6d8ffff700          Options.create_missing_column_families: 0
2019/10/29-16:43:00.386718 7f6d8ffff700                              Options.db_log_dir: 
2019/10/29-16:43:00.386721 7f6d8ffff700                                 Options.wal_dir: test6.db
2019/10/29-16:43:00.386724 7f6d8ffff700                Options.table_cache_numshardbits: 6
2019/10/29-16:43:00.386727 7f6d8ffff700                      Options.max_subcompactions: 1
2019/10/29-16:43:00.386731 7f6d8ffff700                  Options.max_background_flushes: -1
2019/10/29-16:43:00.386734 7f6d8ffff700                         Options.WAL_ttl_seconds: 0
2019/10/29-16:43:00.386738 7f6d8ffff700                       Options.WAL_size_limit_MB: 0
2019/10/29-16:43:00.386741 7f6d8ffff700             Options.manifest_preallocation_size: 4194304
2019/10/29-16:43:00.386744 7f6d8ffff700                     Options.is_fd_close_on_exec: 1
2019/10/29-16:43:00.386747 7f6d8ffff700                   Options.advise_random_on_open: 1
2019/10/29-16:43:00.386750 7f6d8ffff700                    Options.db_write_buffer_size: 0
2019/10/29-16:43:00.386753 7f6d8ffff700                    Options.write_buffer_manager: 0x7f6d7c00fb20
2019/10/29-16:43:00.386756 7f6d8ffff700         Options.access_hint_on_compaction_start: 1
2019/10/29-16:43:00.386758 7f6d8ffff700  Options.new_table_reader_for_compaction_inputs: 0
2019/10/29-16:43:00.386761 7f6d8ffff700           Options.random_access_max_buffer_size: 1048576
2019/10/29-16:43:00.386763 7f6d8ffff700                      Options.use_adaptive_mutex: 0
2019/10/29-16:43:00.386765 7f6d8ffff700                            Options.rate_limiter: (nil)
2019/10/29-16:43:00.386768 7f6d8ffff700     Options.sst_file_manager.rate_bytes_per_sec: 0
2019/10/29-16:43:00.386770 7f6d8ffff700                       Options.wal_recovery_mode: 2
2019/10/29-16:43:00.386772 7f6d8ffff700                  Options.enable_thread_tracking: 0
2019/10/29-16:43:00.386775 7f6d8ffff700                  Options.enable_pipelined_write: 0
2019/10/29-16:43:00.386777 7f6d8ffff700         Options.allow_concurrent_memtable_write: 1
2019/10/29-16:43:00.386800 7f6d8ffff700      Options.enable_write_thread_adaptive_yield: 1
2019/10/29-16:43:00.386806 7f6d8ffff700             Options.write_thread_max_yield_usec: 100
2019/10/29-16:43:00.386808 7f6d8ffff700            Options.write_thread_slow_yield_usec: 3
2019/10/29-16:43:00.386811 7f6d8ffff700                               Options.row_cache: None
2019/10/29-16:43:00.386813 7f6d8ffff700                              Options.wal_filter: None
2019/10/29-16:43:00.386816 7f6d8ffff700             Options.avoid_flush_during_recovery: 0
2019/10/29-16:43:00.386818 7f6d8ffff700             Options.allow_ingest_behind: 0
2019/10/29-16:43:00.386821 7f6d8ffff700             Options.preserve_deletes: 0
2019/10/29-16:43:00.386823 7f6d8ffff700             Options.two_write_queues: 0
2019/10/29-16:43:00.386827 7f6d8ffff700             Options.manual_wal_flush: 0
2019/10/29-16:43:00.386829 7f6d8ffff700             Options.max_background_jobs: 2
2019/10/29-16:43:00.386832 7f6d8ffff700             Options.max_background_compactions: -1
2019/10/29-16:43:00.386834 7f6d8ffff700             Options.avoid_flush_during_shutdown: 0
2019/10/29-16:43:00.386836 7f6d8ffff700           Options.writable_file_max_buffer_size: 1048576
2019/10/29-16:43:00.386839 7f6d8ffff700             Options.delayed_write_rate : 16777216
2019/10/29-16:43:00.386843 7f6d8ffff700             Options.max_total_wal_size: 0
2019/10/29-16:43:00.386846 7f6d8ffff700             Options.delete_obsolete_files_period_micros: 21600000000
2019/10/29-16:43:00.386850 7f6d8ffff700                   Options.stats_dump_period_sec: 600
2019/10/29-16:43:00.386853 7f6d8ffff700                          Options.max_open_files: -1
2019/10/29-16:43:00.386856 7f6d8ffff700                          Options.bytes_per_sync: 0
2019/10/29-16:43:00.386859 7f6d8ffff700                      Options.wal_bytes_per_sync: 0
2019/10/29-16:43:00.386863 7f6d8ffff700       Options.compaction_readahead_size: 0
2019/10/29-16:43:00.386866 7f6d8ffff700 Compression algorithms supported:
2019/10/29-16:43:00.386869 7f6d8ffff700 	kZSTDNotFinalCompression supported: 1
2019/10/29-16:43:00.386873 7f6d8ffff700 	kZSTD supported: 1
2019/10/29-16:43:00.386876 7f6d8ffff700 	kXpressCompression supported: 0
2019/10/29-16:43:00.386879 7f6d8ffff700 	kLZ4HCCompression supported: 1
2019/10/29-16:43:00.386882 7f6d8ffff700 	kLZ4Compression supported: 1
2019/10/29-16:43:00.386886 7f6d8ffff700 	kBZip2Compression supported: 1
2019/10/29-16:43:00.386889 7f6d8ffff700 	kZlibCompression supported: 1
2019/10/29-16:43:00.386892 7f6d8ffff700 	kSnappyCompression supported: 1
2019/10/29-16:43:00.386896 7f6d8ffff700 Fast CRC32 supported: Not supported on x86
2019/10/29-16:43:00.386900 7f6d8ffff700 [db/db_impl_readonly.cc:23] Opening the db in read only mode
2019/10/29-16:43:00.386934 7f6d8ffff700 [db/db_impl.cc:365] Shutdown: canceling all background work
2019/10/29-16:43:00.386960 7f6d8ffff700 [db/db_impl.cc:521] Shutdown complete
