2019/10/24-15:36:14.322896 7efc47eada40 RocksDB version: 5.17.2
2019/10/24-15:36:14.323190 7efc47eada40 Git sha rocksdb_build_git_sha:
2019/10/24-15:36:14.323194 7efc47eada40 Compile date Dec 19 2018
2019/10/24-15:36:14.323203 7efc47eada40 DB SUMMARY
2019/10/24-15:36:14.323377 7efc47eada40 CURRENT file:  CURRENT
2019/10/24-15:36:14.323381 7efc47eada40 IDENTITY file:  IDENTITY
2019/10/24-15:36:14.323389 7efc47eada40 MANIFEST file:  MANIFEST-000084 size: 205 Bytes
2019/10/24-15:36:14.323394 7efc47eada40 SST files in test5.db dir, Total Num: 3, files: 000071.sst 000081.sst 000083.sst 
2019/10/24-15:36:14.323397 7efc47eada40 Write Ahead Log file in test5.db: 000085.log size: 1384 ; 
2019/10/24-15:36:14.323401 7efc47eada40                         Options.error_if_exists: 0
2019/10/24-15:36:14.323403 7efc47eada40                       Options.create_if_missing: 1
2019/10/24-15:36:14.323405 7efc47eada40                         Options.paranoid_checks: 1
2019/10/24-15:36:14.323407 7efc47eada40                                     Options.env: 0x7efc47ea2300
2019/10/24-15:36:14.323409 7efc47eada40                                Options.info_log: 0x1a6f7e0
2019/10/24-15:36:14.323411 7efc47eada40                Options.max_file_opening_threads: 16
2019/10/24-15:36:14.323412 7efc47eada40                              Options.statistics: (nil)
2019/10/24-15:36:14.323414 7efc47eada40                               Options.use_fsync: 0
2019/10/24-15:36:14.323416 7efc47eada40                       Options.max_log_file_size: 0
2019/10/24-15:36:14.323418 7efc47eada40                  Options.max_manifest_file_size: 1073741824
2019/10/24-15:36:14.323420 7efc47eada40                   Options.log_file_time_to_roll: 0
2019/10/24-15:36:14.323422 7efc47eada40                       Options.keep_log_file_num: 1000
2019/10/24-15:36:14.323423 7efc47eada40                    Options.recycle_log_file_num: 0
2019/10/24-15:36:14.323425 7efc47eada40                         Options.allow_fallocate: 1
2019/10/24-15:36:14.323427 7efc47eada40                        Options.allow_mmap_reads: 0
2019/10/24-15:36:14.323428 7efc47eada40                       Options.allow_mmap_writes: 0
2019/10/24-15:36:14.323430 7efc47eada40                        Options.use_direct_reads: 0
2019/10/24-15:36:14.323431 7efc47eada40                        Options.use_direct_io_for_flush_and_compaction: 0
2019/10/24-15:36:14.323433 7efc47eada40          Options.create_missing_column_families: 0
2019/10/24-15:36:14.323435 7efc47eada40                              Options.db_log_dir: 
2019/10/24-15:36:14.323437 7efc47eada40                                 Options.wal_dir: test5.db
2019/10/24-15:36:14.323438 7efc47eada40                Options.table_cache_numshardbits: 6
2019/10/24-15:36:14.323440 7efc47eada40                      Options.max_subcompactions: 1
2019/10/24-15:36:14.323442 7efc47eada40                  Options.max_background_flushes: -1
2019/10/24-15:36:14.323444 7efc47eada40                         Options.WAL_ttl_seconds: 0
2019/10/24-15:36:14.323446 7efc47eada40                       Options.WAL_size_limit_MB: 0
2019/10/24-15:36:14.323447 7efc47eada40             Options.manifest_preallocation_size: 4194304
2019/10/24-15:36:14.323449 7efc47eada40                     Options.is_fd_close_on_exec: 1
2019/10/24-15:36:14.323451 7efc47eada40                   Options.advise_random_on_open: 1
2019/10/24-15:36:14.323452 7efc47eada40                    Options.db_write_buffer_size: 0
2019/10/24-15:36:14.323454 7efc47eada40                    Options.write_buffer_manager: 0x1a5f690
2019/10/24-15:36:14.323456 7efc47eada40         Options.access_hint_on_compaction_start: 1
2019/10/24-15:36:14.323458 7efc47eada40  Options.new_table_reader_for_compaction_inputs: 0
2019/10/24-15:36:14.323459 7efc47eada40           Options.random_access_max_buffer_size: 1048576
2019/10/24-15:36:14.323461 7efc47eada40                      Options.use_adaptive_mutex: 0
2019/10/24-15:36:14.323463 7efc47eada40                            Options.rate_limiter: (nil)
2019/10/24-15:36:14.323465 7efc47eada40     Options.sst_file_manager.rate_bytes_per_sec: 0
2019/10/24-15:36:14.323466 7efc47eada40                       Options.wal_recovery_mode: 2
2019/10/24-15:36:14.323494 7efc47eada40                  Options.enable_thread_tracking: 0
2019/10/24-15:36:14.323497 7efc47eada40                  Options.enable_pipelined_write: 0
2019/10/24-15:36:14.323498 7efc47eada40         Options.allow_concurrent_memtable_write: 1
2019/10/24-15:36:14.323500 7efc47eada40      Options.enable_write_thread_adaptive_yield: 1
2019/10/24-15:36:14.323502 7efc47eada40             Options.write_thread_max_yield_usec: 100
2019/10/24-15:36:14.323503 7efc47eada40            Options.write_thread_slow_yield_usec: 3
2019/10/24-15:36:14.323505 7efc47eada40                               Options.row_cache: None
2019/10/24-15:36:14.323507 7efc47eada40                              Options.wal_filter: None
2019/10/24-15:36:14.323508 7efc47eada40             Options.avoid_flush_during_recovery: 0
2019/10/24-15:36:14.323510 7efc47eada40             Options.allow_ingest_behind: 0
2019/10/24-15:36:14.323512 7efc47eada40             Options.preserve_deletes: 0
2019/10/24-15:36:14.323514 7efc47eada40             Options.two_write_queues: 0
2019/10/24-15:36:14.323515 7efc47eada40             Options.manual_wal_flush: 0
2019/10/24-15:36:14.323517 7efc47eada40             Options.max_background_jobs: 2
2019/10/24-15:36:14.323518 7efc47eada40             Options.max_background_compactions: -1
2019/10/24-15:36:14.323520 7efc47eada40             Options.avoid_flush_during_shutdown: 0
2019/10/24-15:36:14.323522 7efc47eada40           Options.writable_file_max_buffer_size: 1048576
2019/10/24-15:36:14.323523 7efc47eada40             Options.delayed_write_rate : 16777216
2019/10/24-15:36:14.323525 7efc47eada40             Options.max_total_wal_size: 0
2019/10/24-15:36:14.323527 7efc47eada40             Options.delete_obsolete_files_period_micros: 21600000000
2019/10/24-15:36:14.323529 7efc47eada40                   Options.stats_dump_period_sec: 600
2019/10/24-15:36:14.323530 7efc47eada40                          Options.max_open_files: -1
2019/10/24-15:36:14.323532 7efc47eada40                          Options.bytes_per_sync: 0
2019/10/24-15:36:14.323533 7efc47eada40                      Options.wal_bytes_per_sync: 0
2019/10/24-15:36:14.323535 7efc47eada40       Options.compaction_readahead_size: 0
2019/10/24-15:36:14.323537 7efc47eada40 Compression algorithms supported:
2019/10/24-15:36:14.323539 7efc47eada40 	kZSTDNotFinalCompression supported: 1
2019/10/24-15:36:14.323543 7efc47eada40 	kZSTD supported: 1
2019/10/24-15:36:14.323545 7efc47eada40 	kXpressCompression supported: 0
2019/10/24-15:36:14.323547 7efc47eada40 	kLZ4HCCompression supported: 1
2019/10/24-15:36:14.323549 7efc47eada40 	kLZ4Compression supported: 1
2019/10/24-15:36:14.323550 7efc47eada40 	kBZip2Compression supported: 1
2019/10/24-15:36:14.323552 7efc47eada40 	kZlibCompression supported: 1
2019/10/24-15:36:14.323554 7efc47eada40 	kSnappyCompression supported: 1
2019/10/24-15:36:14.323557 7efc47eada40 Fast CRC32 supported: Not supported on x86
2019/10/24-15:36:14.323898 7efc47eada40 [db/version_set.cc:3406] Recovering from manifest file: MANIFEST-000084
2019/10/24-15:36:14.324013 7efc47eada40 [db/column_family.cc:475] --------------- Options for column family [default]:
2019/10/24-15:36:14.324017 7efc47eada40               Options.comparator: leveldb.BytewiseComparator
2019/10/24-15:36:14.324019 7efc47eada40           Options.merge_operator: None
2019/10/24-15:36:14.324020 7efc47eada40        Options.compaction_filter: None
2019/10/24-15:36:14.324022 7efc47eada40        Options.compaction_filter_factory: None
2019/10/24-15:36:14.324024 7efc47eada40         Options.memtable_factory: SkipListFactory
2019/10/24-15:36:14.324026 7efc47eada40            Options.table_factory: BlockBasedTable
2019/10/24-15:36:14.324061 7efc47eada40            table_factory options:   flush_block_policy_factory: FlushBlockBySizePolicyFactory (0x1a637b0)
  cache_index_and_filter_blocks: 0
  cache_index_and_filter_blocks_with_high_priority: 0
  pin_l0_filter_and_index_blocks_in_cache: 0
  pin_top_level_index_and_filter: 1
  index_type: 0
  hash_index_allow_collision: 1
  checksum: 1
  no_block_cache: 0
  block_cache: 0x1a573f0
  block_cache_name: LRUCache
  block_cache_options:
    capacity : 8388608
    num_shard_bits : 4
    strict_capacity_limit : 0
    high_pri_pool_ratio: 0.000
  block_cache_compressed: (nil)
  persistent_cache: (nil)
  block_size: 4096
  block_size_deviation: 10
  block_restart_interval: 16
  index_block_restart_interval: 1
  metadata_block_size: 4096
  partition_filters: 0
  use_delta_encoding: 1
  filter_policy: nullptr
  whole_key_filtering: 1
  verify_compression: 0
  read_amp_bytes_per_bit: 0
  format_version: 2
  enable_index_compression: 1
  block_align: 0
2019/10/24-15:36:14.324081 7efc47eada40        Options.write_buffer_size: 67108864
2019/10/24-15:36:14.324085 7efc47eada40  Options.max_write_buffer_number: 2
2019/10/24-15:36:14.324087 7efc47eada40          Options.compression: Snappy
2019/10/24-15:36:14.324089 7efc47eada40                  Options.bottommost_compression: Disabled
2019/10/24-15:36:14.324090 7efc47eada40       Options.prefix_extractor: nullptr
2019/10/24-15:36:14.324092 7efc47eada40   Options.memtable_insert_with_hint_prefix_extractor: nullptr
2019/10/24-15:36:14.324094 7efc47eada40             Options.num_levels: 7
2019/10/24-15:36:14.324096 7efc47eada40        Options.min_write_buffer_number_to_merge: 1
2019/10/24-15:36:14.324097 7efc47eada40     Options.max_write_buffer_number_to_maintain: 0
2019/10/24-15:36:14.324099 7efc47eada40            Options.bottommost_compression_opts.window_bits: -14
2019/10/24-15:36:14.324101 7efc47eada40                  Options.bottommost_compression_opts.level: 32767
2019/10/24-15:36:14.324103 7efc47eada40               Options.bottommost_compression_opts.strategy: 0
2019/10/24-15:36:14.324104 7efc47eada40         Options.bottommost_compression_opts.max_dict_bytes: 0
2019/10/24-15:36:14.324106 7efc47eada40         Options.bottommost_compression_opts.zstd_max_train_bytes: 0
2019/10/24-15:36:14.324108 7efc47eada40                  Options.bottommost_compression_opts.enabled: false
2019/10/24-15:36:14.324110 7efc47eada40            Options.compression_opts.window_bits: -14
2019/10/24-15:36:14.324111 7efc47eada40                  Options.compression_opts.level: 32767
2019/10/24-15:36:14.324113 7efc47eada40               Options.compression_opts.strategy: 0
2019/10/24-15:36:14.324115 7efc47eada40         Options.compression_opts.max_dict_bytes: 0
2019/10/24-15:36:14.324116 7efc47eada40         Options.compression_opts.zstd_max_train_bytes: 0
2019/10/24-15:36:14.324118 7efc47eada40                  Options.compression_opts.enabled: false
2019/10/24-15:36:14.324120 7efc47eada40      Options.level0_file_num_compaction_trigger: 4
2019/10/24-15:36:14.324121 7efc47eada40          Options.level0_slowdown_writes_trigger: 20
2019/10/24-15:36:14.324123 7efc47eada40              Options.level0_stop_writes_trigger: 36
2019/10/24-15:36:14.324125 7efc47eada40                   Options.target_file_size_base: 67108864
2019/10/24-15:36:14.324127 7efc47eada40             Options.target_file_size_multiplier: 1
2019/10/24-15:36:14.324128 7efc47eada40                Options.max_bytes_for_level_base: 268435456
2019/10/24-15:36:14.324130 7efc47eada40 Options.level_compaction_dynamic_level_bytes: 0
2019/10/24-15:36:14.324132 7efc47eada40          Options.max_bytes_for_level_multiplier: 10.000000
2019/10/24-15:36:14.324136 7efc47eada40 Options.max_bytes_for_level_multiplier_addtl[0]: 1
2019/10/24-15:36:14.324139 7efc47eada40 Options.max_bytes_for_level_multiplier_addtl[1]: 1
2019/10/24-15:36:14.324140 7efc47eada40 Options.max_bytes_for_level_multiplier_addtl[2]: 1
2019/10/24-15:36:14.324142 7efc47eada40 Options.max_bytes_for_level_multiplier_addtl[3]: 1
2019/10/24-15:36:14.324144 7efc47eada40 Options.max_bytes_for_level_multiplier_addtl[4]: 1
2019/10/24-15:36:14.324146 7efc47eada40 Options.max_bytes_for_level_multiplier_addtl[5]: 1
2019/10/24-15:36:14.324148 7efc47eada40 Options.max_bytes_for_level_multiplier_addtl[6]: 1
2019/10/24-15:36:14.324150 7efc47eada40       Options.max_sequential_skip_in_iterations: 8
2019/10/24-15:36:14.324164 7efc47eada40                    Options.max_compaction_bytes: 1677721600
2019/10/24-15:36:14.324167 7efc47eada40                        Options.arena_block_size: 8388608
2019/10/24-15:36:14.324169 7efc47eada40   Options.soft_pending_compaction_bytes_limit: 68719476736
2019/10/24-15:36:14.324171 7efc47eada40   Options.hard_pending_compaction_bytes_limit: 274877906944
2019/10/24-15:36:14.324172 7efc47eada40       Options.rate_limit_delay_max_milliseconds: 100
2019/10/24-15:36:14.324174 7efc47eada40                Options.disable_auto_compactions: 0
2019/10/24-15:36:14.324177 7efc47eada40                        Options.compaction_style: kCompactionStyleLevel
2019/10/24-15:36:14.324180 7efc47eada40                          Options.compaction_pri: kByCompensatedSize
2019/10/24-15:36:14.324181 7efc47eada40 Options.compaction_options_universal.size_ratio: 1
2019/10/24-15:36:14.324183 7efc47eada40 Options.compaction_options_universal.min_merge_width: 2
2019/10/24-15:36:14.324185 7efc47eada40 Options.compaction_options_universal.max_merge_width: 4294967295
2019/10/24-15:36:14.324186 7efc47eada40 Options.compaction_options_universal.max_size_amplification_percent: 200
2019/10/24-15:36:14.324188 7efc47eada40 Options.compaction_options_universal.compression_size_percent: -1
2019/10/24-15:36:14.324191 7efc47eada40 Options.compaction_options_universal.stop_style: kCompactionStopStyleTotalSize
2019/10/24-15:36:14.324193 7efc47eada40 Options.compaction_options_fifo.max_table_files_size: 1073741824
2019/10/24-15:36:14.324195 7efc47eada40 Options.compaction_options_fifo.allow_compaction: 0
2019/10/24-15:36:14.324196 7efc47eada40 Options.compaction_options_fifo.ttl: 0
2019/10/24-15:36:14.324198 7efc47eada40                   Options.table_properties_collectors: 
2019/10/24-15:36:14.324199 7efc47eada40                   Options.inplace_update_support: 0
2019/10/24-15:36:14.324201 7efc47eada40                 Options.inplace_update_num_locks: 10000
2019/10/24-15:36:14.324203 7efc47eada40               Options.memtable_prefix_bloom_size_ratio: 0.000000
2019/10/24-15:36:14.324205 7efc47eada40   Options.memtable_huge_page_size: 0
2019/10/24-15:36:14.324207 7efc47eada40                           Options.bloom_locality: 0
2019/10/24-15:36:14.324209 7efc47eada40                    Options.max_successive_merges: 0
2019/10/24-15:36:14.324210 7efc47eada40                Options.optimize_filters_for_hits: 0
2019/10/24-15:36:14.324212 7efc47eada40                Options.paranoid_file_checks: 0
2019/10/24-15:36:14.324214 7efc47eada40                Options.force_consistency_checks: 0
2019/10/24-15:36:14.324215 7efc47eada40                Options.report_bg_io_stats: 0
2019/10/24-15:36:14.324217 7efc47eada40                               Options.ttl: 0
2019/10/24-15:36:14.329364 7efc47eada40 [db/version_set.cc:3610] Recovered from manifest file:test5.db/MANIFEST-000084 succeeded,manifest_file_number is 84, next_file_number is 86, last_sequence is 496, log_number is 0,prev_log_number is 0,max_column_family is 0,min_log_number_to_keep is 0
2019/10/24-15:36:14.329380 7efc47eada40 [db/version_set.cc:3618] Column family [default] (ID 0), log number is 79
2019/10/24-15:36:14.329553 7efc47eada40 EVENT_LOG_v1 {"time_micros": 1571924174329539, "job": 1, "event": "recovery_started", "log_files": [85]}
2019/10/24-15:36:14.329564 7efc47eada40 [db/db_impl_open.cc:561] Recovering log #85 mode 2
2019/10/24-15:36:14.334132 7efc47eada40 EVENT_LOG_v1 {"time_micros": 1571924174334123, "cf_name": "default", "job": 1, "event": "table_file_creation", "file_number": 86, "file_size": 1093, "table_properties": {"data_size": 446, "index_size": 28, "filter_size": 0, "raw_key_size": 764, "raw_average_key_size": 27, "raw_value_size": 228, "raw_average_value_size": 8, "num_data_blocks": 1, "num_entries": 28, "filter_policy_name": "", "kDeletedKeys": "0", "kMergeOperands": "0"}}
2019/10/24-15:36:14.334200 7efc47eada40 [db/version_set.cc:2936] Creating manifest 87
2019/10/24-15:36:14.337663 7efc47eada40 EVENT_LOG_v1 {"time_micros": 1571924174337660, "job": 1, "event": "recovery_finished"}
2019/10/24-15:36:14.355269 7efc47eada40 [db/db_impl_open.cc:1287] DB pointer 0x1a6e4a0
