2019/10/24-16:19:31.024937 7fe40204da40 RocksDB version: 5.17.2
2019/10/24-16:19:31.025061 7fe40204da40 Git sha rocksdb_build_git_sha:
2019/10/24-16:19:31.025064 7fe40204da40 Compile date Dec 19 2018
2019/10/24-16:19:31.025067 7fe40204da40 DB SUMMARY
2019/10/24-16:19:31.025152 7fe40204da40 CURRENT file:  CURRENT
2019/10/24-16:19:31.025155 7fe40204da40 IDENTITY file:  IDENTITY
2019/10/24-16:19:31.025165 7fe40204da40 MANIFEST file:  MANIFEST-000125 size: 435 Bytes
2019/10/24-16:19:31.025169 7fe40204da40 SST files in test5.db dir, Total Num: 2, files: 000071.sst 000129.sst 
2019/10/24-16:19:31.025171 7fe40204da40 Write Ahead Log file in test5.db: 000126.log size: 3932 ; 
2019/10/24-16:19:31.025177 7fe40204da40                         Options.error_if_exists: 0
2019/10/24-16:19:31.025180 7fe40204da40                       Options.create_if_missing: 1
2019/10/24-16:19:31.025182 7fe40204da40                         Options.paranoid_checks: 1
2019/10/24-16:19:31.025183 7fe40204da40                                     Options.env: 0x7fe401dfa300
2019/10/24-16:19:31.025185 7fe40204da40                                Options.info_log: 0x1bf27e0
2019/10/24-16:19:31.025187 7fe40204da40                Options.max_file_opening_threads: 16
2019/10/24-16:19:31.025189 7fe40204da40                              Options.statistics: (nil)
2019/10/24-16:19:31.025191 7fe40204da40                               Options.use_fsync: 0
2019/10/24-16:19:31.025192 7fe40204da40                       Options.max_log_file_size: 0
2019/10/24-16:19:31.025195 7fe40204da40                  Options.max_manifest_file_size: 1073741824
2019/10/24-16:19:31.025197 7fe40204da40                   Options.log_file_time_to_roll: 0
2019/10/24-16:19:31.025198 7fe40204da40                       Options.keep_log_file_num: 1000
2019/10/24-16:19:31.025200 7fe40204da40                    Options.recycle_log_file_num: 0
2019/10/24-16:19:31.025202 7fe40204da40                         Options.allow_fallocate: 1
2019/10/24-16:19:31.025203 7fe40204da40                        Options.allow_mmap_reads: 0
2019/10/24-16:19:31.025205 7fe40204da40                       Options.allow_mmap_writes: 0
2019/10/24-16:19:31.025207 7fe40204da40                        Options.use_direct_reads: 0
2019/10/24-16:19:31.025208 7fe40204da40                        Options.use_direct_io_for_flush_and_compaction: 0
2019/10/24-16:19:31.025210 7fe40204da40          Options.create_missing_column_families: 0
2019/10/24-16:19:31.025212 7fe40204da40                              Options.db_log_dir: 
2019/10/24-16:19:31.025214 7fe40204da40                                 Options.wal_dir: test5.db
2019/10/24-16:19:31.025215 7fe40204da40                Options.table_cache_numshardbits: 6
2019/10/24-16:19:31.025216 7fe40204da40                      Options.max_subcompactions: 1
2019/10/24-16:19:31.025218 7fe40204da40                  Options.max_background_flushes: -1
2019/10/24-16:19:31.025220 7fe40204da40                         Options.WAL_ttl_seconds: 0
2019/10/24-16:19:31.025222 7fe40204da40                       Options.WAL_size_limit_MB: 0
2019/10/24-16:19:31.025224 7fe40204da40             Options.manifest_preallocation_size: 4194304
2019/10/24-16:19:31.025226 7fe40204da40                     Options.is_fd_close_on_exec: 1
2019/10/24-16:19:31.025227 7fe40204da40                   Options.advise_random_on_open: 1
2019/10/24-16:19:31.025229 7fe40204da40                    Options.db_write_buffer_size: 0
2019/10/24-16:19:31.025231 7fe40204da40                    Options.write_buffer_manager: 0x1be2690
2019/10/24-16:19:31.025232 7fe40204da40         Options.access_hint_on_compaction_start: 1
2019/10/24-16:19:31.025234 7fe40204da40  Options.new_table_reader_for_compaction_inputs: 0
2019/10/24-16:19:31.025237 7fe40204da40           Options.random_access_max_buffer_size: 1048576
2019/10/24-16:19:31.025238 7fe40204da40                      Options.use_adaptive_mutex: 0
2019/10/24-16:19:31.025240 7fe40204da40                            Options.rate_limiter: (nil)
2019/10/24-16:19:31.025242 7fe40204da40     Options.sst_file_manager.rate_bytes_per_sec: 0
2019/10/24-16:19:31.025244 7fe40204da40                       Options.wal_recovery_mode: 2
2019/10/24-16:19:31.025269 7fe40204da40                  Options.enable_thread_tracking: 0
2019/10/24-16:19:31.025271 7fe40204da40                  Options.enable_pipelined_write: 0
2019/10/24-16:19:31.025273 7fe40204da40         Options.allow_concurrent_memtable_write: 1
2019/10/24-16:19:31.025275 7fe40204da40      Options.enable_write_thread_adaptive_yield: 1
2019/10/24-16:19:31.025276 7fe40204da40             Options.write_thread_max_yield_usec: 100
2019/10/24-16:19:31.025278 7fe40204da40            Options.write_thread_slow_yield_usec: 3
2019/10/24-16:19:31.025279 7fe40204da40                               Options.row_cache: None
2019/10/24-16:19:31.025281 7fe40204da40                              Options.wal_filter: None
2019/10/24-16:19:31.025283 7fe40204da40             Options.avoid_flush_during_recovery: 0
2019/10/24-16:19:31.025284 7fe40204da40             Options.allow_ingest_behind: 0
2019/10/24-16:19:31.025286 7fe40204da40             Options.preserve_deletes: 0
2019/10/24-16:19:31.025288 7fe40204da40             Options.two_write_queues: 0
2019/10/24-16:19:31.025289 7fe40204da40             Options.manual_wal_flush: 0
2019/10/24-16:19:31.025291 7fe40204da40             Options.max_background_jobs: 2
2019/10/24-16:19:31.025292 7fe40204da40             Options.max_background_compactions: -1
2019/10/24-16:19:31.025294 7fe40204da40             Options.avoid_flush_during_shutdown: 0
2019/10/24-16:19:31.025296 7fe40204da40           Options.writable_file_max_buffer_size: 1048576
2019/10/24-16:19:31.025297 7fe40204da40             Options.delayed_write_rate : 16777216
2019/10/24-16:19:31.025299 7fe40204da40             Options.max_total_wal_size: 0
2019/10/24-16:19:31.025301 7fe40204da40             Options.delete_obsolete_files_period_micros: 21600000000
2019/10/24-16:19:31.025302 7fe40204da40                   Options.stats_dump_period_sec: 600
2019/10/24-16:19:31.025304 7fe40204da40                          Options.max_open_files: -1
2019/10/24-16:19:31.025306 7fe40204da40                          Options.bytes_per_sync: 0
2019/10/24-16:19:31.025307 7fe40204da40                      Options.wal_bytes_per_sync: 0
2019/10/24-16:19:31.025309 7fe40204da40       Options.compaction_readahead_size: 0
2019/10/24-16:19:31.025310 7fe40204da40 Compression algorithms supported:
2019/10/24-16:19:31.025312 7fe40204da40 	kZSTDNotFinalCompression supported: 1
2019/10/24-16:19:31.025316 7fe40204da40 	kZSTD supported: 1
2019/10/24-16:19:31.025318 7fe40204da40 	kXpressCompression supported: 0
2019/10/24-16:19:31.025320 7fe40204da40 	kLZ4HCCompression supported: 1
2019/10/24-16:19:31.025321 7fe40204da40 	kLZ4Compression supported: 1
2019/10/24-16:19:31.025323 7fe40204da40 	kBZip2Compression supported: 1
2019/10/24-16:19:31.025325 7fe40204da40 	kZlibCompression supported: 1
2019/10/24-16:19:31.025327 7fe40204da40 	kSnappyCompression supported: 1
2019/10/24-16:19:31.025329 7fe40204da40 Fast CRC32 supported: Not supported on x86
2019/10/24-16:19:31.025637 7fe40204da40 [db/version_set.cc:3406] Recovering from manifest file: MANIFEST-000125
2019/10/24-16:19:31.025729 7fe40204da40 [db/column_family.cc:475] --------------- Options for column family [default]:
2019/10/24-16:19:31.025732 7fe40204da40               Options.comparator: leveldb.BytewiseComparator
2019/10/24-16:19:31.025733 7fe40204da40           Options.merge_operator: None
2019/10/24-16:19:31.025735 7fe40204da40        Options.compaction_filter: None
2019/10/24-16:19:31.025736 7fe40204da40        Options.compaction_filter_factory: None
2019/10/24-16:19:31.025738 7fe40204da40         Options.memtable_factory: SkipListFactory
2019/10/24-16:19:31.025739 7fe40204da40            Options.table_factory: BlockBasedTable
2019/10/24-16:19:31.025766 7fe40204da40            table_factory options:   flush_block_policy_factory: FlushBlockBySizePolicyFactory (0x1be67b0)
  cache_index_and_filter_blocks: 0
  cache_index_and_filter_blocks_with_high_priority: 0
  pin_l0_filter_and_index_blocks_in_cache: 0
  pin_top_level_index_and_filter: 1
  index_type: 0
  hash_index_allow_collision: 1
  checksum: 1
  no_block_cache: 0
  block_cache: 0x1bda3f0
  block_cache_name: LRUCache
  block_cache_options:
    capacity : 8388608
    num_shard_bits : 4
    strict_capacity_limit : 0
    high_pri_pool_ratio: 0.000
  block_cache_compressed: (nil)
  persistent_cache: (nil)
  block_size: 4096
  block_size_deviation: 10
  block_restart_interval: 16
  index_block_restart_interval: 1
  metadata_block_size: 4096
  partition_filters: 0
  use_delta_encoding: 1
  filter_policy: nullptr
  whole_key_filtering: 1
  verify_compression: 0
  read_amp_bytes_per_bit: 0
  format_version: 2
  enable_index_compression: 1
  block_align: 0
2019/10/24-16:19:31.025784 7fe40204da40        Options.write_buffer_size: 67108864
2019/10/24-16:19:31.025786 7fe40204da40  Options.max_write_buffer_number: 2
2019/10/24-16:19:31.025788 7fe40204da40          Options.compression: Snappy
2019/10/24-16:19:31.025790 7fe40204da40                  Options.bottommost_compression: Disabled
2019/10/24-16:19:31.025791 7fe40204da40       Options.prefix_extractor: nullptr
2019/10/24-16:19:31.025792 7fe40204da40   Options.memtable_insert_with_hint_prefix_extractor: nullptr
2019/10/24-16:19:31.025793 7fe40204da40             Options.num_levels: 7
2019/10/24-16:19:31.025795 7fe40204da40        Options.min_write_buffer_number_to_merge: 1
2019/10/24-16:19:31.025796 7fe40204da40     Options.max_write_buffer_number_to_maintain: 0
2019/10/24-16:19:31.025797 7fe40204da40            Options.bottommost_compression_opts.window_bits: -14
2019/10/24-16:19:31.025799 7fe40204da40                  Options.bottommost_compression_opts.level: 32767
2019/10/24-16:19:31.025800 7fe40204da40               Options.bottommost_compression_opts.strategy: 0
2019/10/24-16:19:31.025801 7fe40204da40         Options.bottommost_compression_opts.max_dict_bytes: 0
2019/10/24-16:19:31.025803 7fe40204da40         Options.bottommost_compression_opts.zstd_max_train_bytes: 0
2019/10/24-16:19:31.025804 7fe40204da40                  Options.bottommost_compression_opts.enabled: false
2019/10/24-16:19:31.025805 7fe40204da40            Options.compression_opts.window_bits: -14
2019/10/24-16:19:31.025809 7fe40204da40                  Options.compression_opts.level: 32767
2019/10/24-16:19:31.025811 7fe40204da40               Options.compression_opts.strategy: 0
2019/10/24-16:19:31.025813 7fe40204da40         Options.compression_opts.max_dict_bytes: 0
2019/10/24-16:19:31.025815 7fe40204da40         Options.compression_opts.zstd_max_train_bytes: 0
2019/10/24-16:19:31.025817 7fe40204da40                  Options.compression_opts.enabled: false
2019/10/24-16:19:31.025818 7fe40204da40      Options.level0_file_num_compaction_trigger: 4
2019/10/24-16:19:31.025820 7fe40204da40          Options.level0_slowdown_writes_trigger: 20
2019/10/24-16:19:31.025821 7fe40204da40              Options.level0_stop_writes_trigger: 36
2019/10/24-16:19:31.025823 7fe40204da40                   Options.target_file_size_base: 67108864
2019/10/24-16:19:31.025825 7fe40204da40             Options.target_file_size_multiplier: 1
2019/10/24-16:19:31.025827 7fe40204da40                Options.max_bytes_for_level_base: 268435456
2019/10/24-16:19:31.025829 7fe40204da40 Options.level_compaction_dynamic_level_bytes: 0
2019/10/24-16:19:31.025830 7fe40204da40          Options.max_bytes_for_level_multiplier: 10.000000
2019/10/24-16:19:31.025834 7fe40204da40 Options.max_bytes_for_level_multiplier_addtl[0]: 1
2019/10/24-16:19:31.025837 7fe40204da40 Options.max_bytes_for_level_multiplier_addtl[1]: 1
2019/10/24-16:19:31.025839 7fe40204da40 Options.max_bytes_for_level_multiplier_addtl[2]: 1
2019/10/24-16:19:31.025840 7fe40204da40 Options.max_bytes_for_level_multiplier_addtl[3]: 1
2019/10/24-16:19:31.025842 7fe40204da40 Options.max_bytes_for_level_multiplier_addtl[4]: 1
2019/10/24-16:19:31.025843 7fe40204da40 Options.max_bytes_for_level_multiplier_addtl[5]: 1
2019/10/24-16:19:31.025844 7fe40204da40 Options.max_bytes_for_level_multiplier_addtl[6]: 1
2019/10/24-16:19:31.025845 7fe40204da40       Options.max_sequential_skip_in_iterations: 8
2019/10/24-16:19:31.025858 7fe40204da40                    Options.max_compaction_bytes: 1677721600
2019/10/24-16:19:31.025860 7fe40204da40                        Options.arena_block_size: 8388608
2019/10/24-16:19:31.025861 7fe40204da40   Options.soft_pending_compaction_bytes_limit: 68719476736
2019/10/24-16:19:31.025862 7fe40204da40   Options.hard_pending_compaction_bytes_limit: 274877906944
2019/10/24-16:19:31.025864 7fe40204da40       Options.rate_limit_delay_max_milliseconds: 100
2019/10/24-16:19:31.025865 7fe40204da40                Options.disable_auto_compactions: 0
2019/10/24-16:19:31.025867 7fe40204da40                        Options.compaction_style: kCompactionStyleLevel
2019/10/24-16:19:31.025871 7fe40204da40                          Options.compaction_pri: kByCompensatedSize
2019/10/24-16:19:31.025873 7fe40204da40 Options.compaction_options_universal.size_ratio: 1
2019/10/24-16:19:31.025875 7fe40204da40 Options.compaction_options_universal.min_merge_width: 2
2019/10/24-16:19:31.025876 7fe40204da40 Options.compaction_options_universal.max_merge_width: 4294967295
2019/10/24-16:19:31.025878 7fe40204da40 Options.compaction_options_universal.max_size_amplification_percent: 200
2019/10/24-16:19:31.025880 7fe40204da40 Options.compaction_options_universal.compression_size_percent: -1
2019/10/24-16:19:31.025883 7fe40204da40 Options.compaction_options_universal.stop_style: kCompactionStopStyleTotalSize
2019/10/24-16:19:31.025884 7fe40204da40 Options.compaction_options_fifo.max_table_files_size: 1073741824
2019/10/24-16:19:31.025886 7fe40204da40 Options.compaction_options_fifo.allow_compaction: 0
2019/10/24-16:19:31.025888 7fe40204da40 Options.compaction_options_fifo.ttl: 0
2019/10/24-16:19:31.025890 7fe40204da40                   Options.table_properties_collectors: 
2019/10/24-16:19:31.025892 7fe40204da40                   Options.inplace_update_support: 0
2019/10/24-16:19:31.025894 7fe40204da40                 Options.inplace_update_num_locks: 10000
2019/10/24-16:19:31.025895 7fe40204da40               Options.memtable_prefix_bloom_size_ratio: 0.000000
2019/10/24-16:19:31.025898 7fe40204da40   Options.memtable_huge_page_size: 0
2019/10/24-16:19:31.025900 7fe40204da40                           Options.bloom_locality: 0
2019/10/24-16:19:31.025902 7fe40204da40                    Options.max_successive_merges: 0
2019/10/24-16:19:31.025904 7fe40204da40                Options.optimize_filters_for_hits: 0
2019/10/24-16:19:31.025905 7fe40204da40                Options.paranoid_file_checks: 0
2019/10/24-16:19:31.025907 7fe40204da40                Options.force_consistency_checks: 0
2019/10/24-16:19:31.025908 7fe40204da40                Options.report_bg_io_stats: 0
2019/10/24-16:19:31.025910 7fe40204da40                               Options.ttl: 0
2019/10/24-16:19:31.028112 7fe40204da40 [db/version_set.cc:3610] Recovered from manifest file:test5.db/MANIFEST-000125 succeeded,manifest_file_number is 125, next_file_number is 131, last_sequence is 979, log_number is 0,prev_log_number is 0,max_column_family is 0,min_log_number_to_keep is 0
2019/10/24-16:19:31.028117 7fe40204da40 [db/version_set.cc:3618] Column family [default] (ID 0), log number is 124
2019/10/24-16:19:31.028223 7fe40204da40 EVENT_LOG_v1 {"time_micros": 1571926771028213, "job": 1, "event": "recovery_started", "log_files": [126]}
2019/10/24-16:19:31.028227 7fe40204da40 [db/db_impl_open.cc:561] Recovering log #126 mode 2
2019/10/24-16:19:31.031787 7fe40204da40 EVENT_LOG_v1 {"time_micros": 1571926771031779, "cf_name": "default", "job": 1, "event": "table_file_creation", "file_number": 131, "file_size": 1581, "table_properties": {"data_size": 934, "index_size": 28, "filter_size": 0, "raw_key_size": 1528, "raw_average_key_size": 27, "raw_value_size": 1612, "raw_average_value_size": 28, "num_data_blocks": 1, "num_entries": 56, "filter_policy_name": "", "kDeletedKeys": "0", "kMergeOperands": "0"}}
2019/10/24-16:19:31.031841 7fe40204da40 [db/version_set.cc:2936] Creating manifest 132
2019/10/24-16:19:31.035461 7fe40204da40 EVENT_LOG_v1 {"time_micros": 1571926771035459, "job": 1, "event": "recovery_finished"}
2019/10/24-16:19:31.042251 7fe40204da40 [db/db_impl_open.cc:1287] DB pointer 0x1bf14a0
