2019/10/28-10:30:32.717193 7fde829eda40 RocksDB version: 5.17.2
2019/10/28-10:30:32.717388 7fde829eda40 Git sha rocksdb_build_git_sha:
2019/10/28-10:30:32.717392 7fde829eda40 Compile date Dec 19 2018
2019/10/28-10:30:32.717400 7fde829eda40 DB SUMMARY
2019/10/28-10:30:32.717506 7fde829eda40 CURRENT file:  CURRENT
2019/10/28-10:30:32.717509 7fde829eda40 IDENTITY file:  IDENTITY
2019/10/28-10:30:32.717520 7fde829eda40 MANIFEST file:  MANIFEST-000154 size: 369 Bytes
2019/10/28-10:30:32.717523 7fde829eda40 SST files in test5.db dir, Total Num: 5, files: 000071.sst 000145.sst 000147.sst 000150.sst 000153.sst 
2019/10/28-10:30:32.717526 7fde829eda40 Write Ahead Log file in test5.db: 000155.log size: 909 ; 
2019/10/28-10:30:32.717531 7fde829eda40                         Options.error_if_exists: 0
2019/10/28-10:30:32.717533 7fde829eda40                       Options.create_if_missing: 1
2019/10/28-10:30:32.717535 7fde829eda40                         Options.paranoid_checks: 1
2019/10/28-10:30:32.717537 7fde829eda40                                     Options.env: 0x7fde829e2300
2019/10/28-10:30:32.717538 7fde829eda40                                Options.info_log: 0x15457e0
2019/10/28-10:30:32.717540 7fde829eda40                Options.max_file_opening_threads: 16
2019/10/28-10:30:32.717542 7fde829eda40                              Options.statistics: (nil)
2019/10/28-10:30:32.717544 7fde829eda40                               Options.use_fsync: 0
2019/10/28-10:30:32.717546 7fde829eda40                       Options.max_log_file_size: 0
2019/10/28-10:30:32.717548 7fde829eda40                  Options.max_manifest_file_size: 1073741824
2019/10/28-10:30:32.717550 7fde829eda40                   Options.log_file_time_to_roll: 0
2019/10/28-10:30:32.717552 7fde829eda40                       Options.keep_log_file_num: 1000
2019/10/28-10:30:32.717553 7fde829eda40                    Options.recycle_log_file_num: 0
2019/10/28-10:30:32.717555 7fde829eda40                         Options.allow_fallocate: 1
2019/10/28-10:30:32.717557 7fde829eda40                        Options.allow_mmap_reads: 0
2019/10/28-10:30:32.717558 7fde829eda40                       Options.allow_mmap_writes: 0
2019/10/28-10:30:32.717560 7fde829eda40                        Options.use_direct_reads: 0
2019/10/28-10:30:32.717561 7fde829eda40                        Options.use_direct_io_for_flush_and_compaction: 0
2019/10/28-10:30:32.717563 7fde829eda40          Options.create_missing_column_families: 0
2019/10/28-10:30:32.717564 7fde829eda40                              Options.db_log_dir: 
2019/10/28-10:30:32.717566 7fde829eda40                                 Options.wal_dir: test5.db
2019/10/28-10:30:32.717568 7fde829eda40                Options.table_cache_numshardbits: 6
2019/10/28-10:30:32.717569 7fde829eda40                      Options.max_subcompactions: 1
2019/10/28-10:30:32.717571 7fde829eda40                  Options.max_background_flushes: -1
2019/10/28-10:30:32.717573 7fde829eda40                         Options.WAL_ttl_seconds: 0
2019/10/28-10:30:32.717575 7fde829eda40                       Options.WAL_size_limit_MB: 0
2019/10/28-10:30:32.717577 7fde829eda40             Options.manifest_preallocation_size: 4194304
2019/10/28-10:30:32.717578 7fde829eda40                     Options.is_fd_close_on_exec: 1
2019/10/28-10:30:32.717580 7fde829eda40                   Options.advise_random_on_open: 1
2019/10/28-10:30:32.717582 7fde829eda40                    Options.db_write_buffer_size: 0
2019/10/28-10:30:32.717583 7fde829eda40                    Options.write_buffer_manager: 0x1535690
2019/10/28-10:30:32.717585 7fde829eda40         Options.access_hint_on_compaction_start: 1
2019/10/28-10:30:32.717586 7fde829eda40  Options.new_table_reader_for_compaction_inputs: 0
2019/10/28-10:30:32.717588 7fde829eda40           Options.random_access_max_buffer_size: 1048576
2019/10/28-10:30:32.717590 7fde829eda40                      Options.use_adaptive_mutex: 0
2019/10/28-10:30:32.717591 7fde829eda40                            Options.rate_limiter: (nil)
2019/10/28-10:30:32.717593 7fde829eda40     Options.sst_file_manager.rate_bytes_per_sec: 0
2019/10/28-10:30:32.717611 7fde829eda40                       Options.wal_recovery_mode: 2
2019/10/28-10:30:32.717613 7fde829eda40                  Options.enable_thread_tracking: 0
2019/10/28-10:30:32.717615 7fde829eda40                  Options.enable_pipelined_write: 0
2019/10/28-10:30:32.717616 7fde829eda40         Options.allow_concurrent_memtable_write: 1
2019/10/28-10:30:32.717618 7fde829eda40      Options.enable_write_thread_adaptive_yield: 1
2019/10/28-10:30:32.717619 7fde829eda40             Options.write_thread_max_yield_usec: 100
2019/10/28-10:30:32.717621 7fde829eda40            Options.write_thread_slow_yield_usec: 3
2019/10/28-10:30:32.717623 7fde829eda40                               Options.row_cache: None
2019/10/28-10:30:32.717625 7fde829eda40                              Options.wal_filter: None
2019/10/28-10:30:32.717626 7fde829eda40             Options.avoid_flush_during_recovery: 0
2019/10/28-10:30:32.717628 7fde829eda40             Options.allow_ingest_behind: 0
2019/10/28-10:30:32.717629 7fde829eda40             Options.preserve_deletes: 0
2019/10/28-10:30:32.717631 7fde829eda40             Options.two_write_queues: 0
2019/10/28-10:30:32.717633 7fde829eda40             Options.manual_wal_flush: 0
2019/10/28-10:30:32.717634 7fde829eda40             Options.max_background_jobs: 2
2019/10/28-10:30:32.717636 7fde829eda40             Options.max_background_compactions: -1
2019/10/28-10:30:32.717638 7fde829eda40             Options.avoid_flush_during_shutdown: 0
2019/10/28-10:30:32.717639 7fde829eda40           Options.writable_file_max_buffer_size: 1048576
2019/10/28-10:30:32.717641 7fde829eda40             Options.delayed_write_rate : 16777216
2019/10/28-10:30:32.717643 7fde829eda40             Options.max_total_wal_size: 0
2019/10/28-10:30:32.717644 7fde829eda40             Options.delete_obsolete_files_period_micros: 21600000000
2019/10/28-10:30:32.717646 7fde829eda40                   Options.stats_dump_period_sec: 600
2019/10/28-10:30:32.717648 7fde829eda40                          Options.max_open_files: -1
2019/10/28-10:30:32.717650 7fde829eda40                          Options.bytes_per_sync: 0
2019/10/28-10:30:32.717652 7fde829eda40                      Options.wal_bytes_per_sync: 0
2019/10/28-10:30:32.717653 7fde829eda40       Options.compaction_readahead_size: 0
2019/10/28-10:30:32.717655 7fde829eda40 Compression algorithms supported:
2019/10/28-10:30:32.717657 7fde829eda40 	kZSTDNotFinalCompression supported: 1
2019/10/28-10:30:32.717662 7fde829eda40 	kZSTD supported: 1
2019/10/28-10:30:32.717664 7fde829eda40 	kXpressCompression supported: 0
2019/10/28-10:30:32.717666 7fde829eda40 	kLZ4HCCompression supported: 1
2019/10/28-10:30:32.717668 7fde829eda40 	kLZ4Compression supported: 1
2019/10/28-10:30:32.717669 7fde829eda40 	kBZip2Compression supported: 1
2019/10/28-10:30:32.717671 7fde829eda40 	kZlibCompression supported: 1
2019/10/28-10:30:32.717673 7fde829eda40 	kSnappyCompression supported: 1
2019/10/28-10:30:32.717675 7fde829eda40 Fast CRC32 supported: Not supported on x86
2019/10/28-10:30:32.717989 7fde829eda40 [db/version_set.cc:3406] Recovering from manifest file: MANIFEST-000154
2019/10/28-10:30:32.718113 7fde829eda40 [db/column_family.cc:475] --------------- Options for column family [default]:
2019/10/28-10:30:32.718117 7fde829eda40               Options.comparator: leveldb.BytewiseComparator
2019/10/28-10:30:32.718119 7fde829eda40           Options.merge_operator: None
2019/10/28-10:30:32.718120 7fde829eda40        Options.compaction_filter: None
2019/10/28-10:30:32.718122 7fde829eda40        Options.compaction_filter_factory: None
2019/10/28-10:30:32.718124 7fde829eda40         Options.memtable_factory: SkipListFactory
2019/10/28-10:30:32.718126 7fde829eda40            Options.table_factory: BlockBasedTable
2019/10/28-10:30:32.718162 7fde829eda40            table_factory options:   flush_block_policy_factory: FlushBlockBySizePolicyFactory (0x15397b0)
  cache_index_and_filter_blocks: 0
  cache_index_and_filter_blocks_with_high_priority: 0
  pin_l0_filter_and_index_blocks_in_cache: 0
  pin_top_level_index_and_filter: 1
  index_type: 0
  hash_index_allow_collision: 1
  checksum: 1
  no_block_cache: 0
  block_cache: 0x152d3f0
  block_cache_name: LRUCache
  block_cache_options:
    capacity : 8388608
    num_shard_bits : 4
    strict_capacity_limit : 0
    high_pri_pool_ratio: 0.000
  block_cache_compressed: (nil)
  persistent_cache: (nil)
  block_size: 4096
  block_size_deviation: 10
  block_restart_interval: 16
  index_block_restart_interval: 1
  metadata_block_size: 4096
  partition_filters: 0
  use_delta_encoding: 1
  filter_policy: nullptr
  whole_key_filtering: 1
  verify_compression: 0
  read_amp_bytes_per_bit: 0
  format_version: 2
  enable_index_compression: 1
  block_align: 0
2019/10/28-10:30:32.718184 7fde829eda40        Options.write_buffer_size: 67108864
2019/10/28-10:30:32.718186 7fde829eda40  Options.max_write_buffer_number: 2
2019/10/28-10:30:32.718189 7fde829eda40          Options.compression: Snappy
2019/10/28-10:30:32.718191 7fde829eda40                  Options.bottommost_compression: Disabled
2019/10/28-10:30:32.718192 7fde829eda40       Options.prefix_extractor: nullptr
2019/10/28-10:30:32.718194 7fde829eda40   Options.memtable_insert_with_hint_prefix_extractor: nullptr
2019/10/28-10:30:32.718196 7fde829eda40             Options.num_levels: 7
2019/10/28-10:30:32.718197 7fde829eda40        Options.min_write_buffer_number_to_merge: 1
2019/10/28-10:30:32.718199 7fde829eda40     Options.max_write_buffer_number_to_maintain: 0
2019/10/28-10:30:32.718201 7fde829eda40            Options.bottommost_compression_opts.window_bits: -14
2019/10/28-10:30:32.718202 7fde829eda40                  Options.bottommost_compression_opts.level: 32767
2019/10/28-10:30:32.718204 7fde829eda40               Options.bottommost_compression_opts.strategy: 0
2019/10/28-10:30:32.718206 7fde829eda40         Options.bottommost_compression_opts.max_dict_bytes: 0
2019/10/28-10:30:32.718208 7fde829eda40         Options.bottommost_compression_opts.zstd_max_train_bytes: 0
2019/10/28-10:30:32.718209 7fde829eda40                  Options.bottommost_compression_opts.enabled: false
2019/10/28-10:30:32.718211 7fde829eda40            Options.compression_opts.window_bits: -14
2019/10/28-10:30:32.718213 7fde829eda40                  Options.compression_opts.level: 32767
2019/10/28-10:30:32.718215 7fde829eda40               Options.compression_opts.strategy: 0
2019/10/28-10:30:32.718216 7fde829eda40         Options.compression_opts.max_dict_bytes: 0
2019/10/28-10:30:32.718218 7fde829eda40         Options.compression_opts.zstd_max_train_bytes: 0
2019/10/28-10:30:32.718219 7fde829eda40                  Options.compression_opts.enabled: false
2019/10/28-10:30:32.718221 7fde829eda40      Options.level0_file_num_compaction_trigger: 4
2019/10/28-10:30:32.718223 7fde829eda40          Options.level0_slowdown_writes_trigger: 20
2019/10/28-10:30:32.718224 7fde829eda40              Options.level0_stop_writes_trigger: 36
2019/10/28-10:30:32.718226 7fde829eda40                   Options.target_file_size_base: 67108864
2019/10/28-10:30:32.718228 7fde829eda40             Options.target_file_size_multiplier: 1
2019/10/28-10:30:32.718229 7fde829eda40                Options.max_bytes_for_level_base: 268435456
2019/10/28-10:30:32.718231 7fde829eda40 Options.level_compaction_dynamic_level_bytes: 0
2019/10/28-10:30:32.718232 7fde829eda40          Options.max_bytes_for_level_multiplier: 10.000000
2019/10/28-10:30:32.718237 7fde829eda40 Options.max_bytes_for_level_multiplier_addtl[0]: 1
2019/10/28-10:30:32.718239 7fde829eda40 Options.max_bytes_for_level_multiplier_addtl[1]: 1
2019/10/28-10:30:32.718241 7fde829eda40 Options.max_bytes_for_level_multiplier_addtl[2]: 1
2019/10/28-10:30:32.718243 7fde829eda40 Options.max_bytes_for_level_multiplier_addtl[3]: 1
2019/10/28-10:30:32.718244 7fde829eda40 Options.max_bytes_for_level_multiplier_addtl[4]: 1
2019/10/28-10:30:32.718246 7fde829eda40 Options.max_bytes_for_level_multiplier_addtl[5]: 1
2019/10/28-10:30:32.718248 7fde829eda40 Options.max_bytes_for_level_multiplier_addtl[6]: 1
2019/10/28-10:30:32.718249 7fde829eda40       Options.max_sequential_skip_in_iterations: 8
2019/10/28-10:30:32.718266 7fde829eda40                    Options.max_compaction_bytes: 1677721600
2019/10/28-10:30:32.718269 7fde829eda40                        Options.arena_block_size: 8388608
2019/10/28-10:30:32.718271 7fde829eda40   Options.soft_pending_compaction_bytes_limit: 68719476736
2019/10/28-10:30:32.718273 7fde829eda40   Options.hard_pending_compaction_bytes_limit: 274877906944
2019/10/28-10:30:32.718274 7fde829eda40       Options.rate_limit_delay_max_milliseconds: 100
2019/10/28-10:30:32.718277 7fde829eda40                Options.disable_auto_compactions: 0
2019/10/28-10:30:32.718280 7fde829eda40                        Options.compaction_style: kCompactionStyleLevel
2019/10/28-10:30:32.718283 7fde829eda40                          Options.compaction_pri: kByCompensatedSize
2019/10/28-10:30:32.718285 7fde829eda40 Options.compaction_options_universal.size_ratio: 1
2019/10/28-10:30:32.718287 7fde829eda40 Options.compaction_options_universal.min_merge_width: 2
2019/10/28-10:30:32.718289 7fde829eda40 Options.compaction_options_universal.max_merge_width: 4294967295
2019/10/28-10:30:32.718291 7fde829eda40 Options.compaction_options_universal.max_size_amplification_percent: 200
2019/10/28-10:30:32.718293 7fde829eda40 Options.compaction_options_universal.compression_size_percent: -1
2019/10/28-10:30:32.718296 7fde829eda40 Options.compaction_options_universal.stop_style: kCompactionStopStyleTotalSize
2019/10/28-10:30:32.718298 7fde829eda40 Options.compaction_options_fifo.max_table_files_size: 1073741824
2019/10/28-10:30:32.718300 7fde829eda40 Options.compaction_options_fifo.allow_compaction: 0
2019/10/28-10:30:32.718302 7fde829eda40 Options.compaction_options_fifo.ttl: 0
2019/10/28-10:30:32.718304 7fde829eda40                   Options.table_properties_collectors: 
2019/10/28-10:30:32.718306 7fde829eda40                   Options.inplace_update_support: 0
2019/10/28-10:30:32.718308 7fde829eda40                 Options.inplace_update_num_locks: 10000
2019/10/28-10:30:32.718309 7fde829eda40               Options.memtable_prefix_bloom_size_ratio: 0.000000
2019/10/28-10:30:32.718312 7fde829eda40   Options.memtable_huge_page_size: 0
2019/10/28-10:30:32.718314 7fde829eda40                           Options.bloom_locality: 0
2019/10/28-10:30:32.718316 7fde829eda40                    Options.max_successive_merges: 0
2019/10/28-10:30:32.718317 7fde829eda40                Options.optimize_filters_for_hits: 0
2019/10/28-10:30:32.718319 7fde829eda40                Options.paranoid_file_checks: 0
2019/10/28-10:30:32.718321 7fde829eda40                Options.force_consistency_checks: 0
2019/10/28-10:30:32.718322 7fde829eda40                Options.report_bg_io_stats: 0
2019/10/28-10:30:32.718324 7fde829eda40                               Options.ttl: 0
2019/10/28-10:30:32.720258 7fde829eda40 [db/version_set.cc:3610] Recovered from manifest file:test5.db/MANIFEST-000154 succeeded,manifest_file_number is 154, next_file_number is 156, last_sequence is 1194, log_number is 0,prev_log_number is 0,max_column_family is 0,min_log_number_to_keep is 0
2019/10/28-10:30:32.720267 7fde829eda40 [db/version_set.cc:3618] Column family [default] (ID 0), log number is 153
2019/10/28-10:30:32.720480 7fde829eda40 EVENT_LOG_v1 {"time_micros": 1572255032720462, "job": 1, "event": "recovery_started", "log_files": [155]}
2019/10/28-10:30:32.720488 7fde829eda40 [db/db_impl_open.cc:561] Recovering log #155 mode 2
2019/10/28-10:30:32.724526 7fde829eda40 EVENT_LOG_v1 {"time_micros": 1572255032724516, "cf_name": "default", "job": 1, "event": "table_file_creation", "file_number": 156, "file_size": 1050, "table_properties": {"data_size": 403, "index_size": 28, "filter_size": 0, "raw_key_size": 352, "raw_average_key_size": 29, "raw_value_size": 387, "raw_average_value_size": 32, "num_data_blocks": 1, "num_entries": 12, "filter_policy_name": "", "kDeletedKeys": "0", "kMergeOperands": "0"}}
2019/10/28-10:30:32.724596 7fde829eda40 [db/version_set.cc:2936] Creating manifest 157
2019/10/28-10:30:32.728918 7fde829eda40 EVENT_LOG_v1 {"time_micros": 1572255032728914, "job": 1, "event": "recovery_finished"}
2019/10/28-10:30:32.735528 7fde829eda40 [db/db_impl_open.cc:1287] DB pointer 0x15444a0
2019/10/28-10:30:32.735737 7fde7affd700 [WARN] [db/db_impl.cc:625] ------- DUMPING STATS -------
2019/10/28-10:30:32.735883 7fde7affd700 [WARN] [db/db_impl.cc:626] 
** DB Stats **
Uptime(secs): 0.0 total, 0.0 interval
Cumulative writes: 0 writes, 0 keys, 0 commit groups, 0.0 writes per commit group, ingest: 0.00 GB, 0.00 MB/s
Cumulative WAL: 0 writes, 0 syncs, 0.00 writes per sync, written: 0.00 GB, 0.00 MB/s
Cumulative stall: 00:00:0.000 H:M:S, 0.0 percent
Interval writes: 0 writes, 0 keys, 0 commit groups, 0.0 writes per commit group, ingest: 0.00 MB, 0.00 MB/s
Interval WAL: 0 writes, 0 syncs, 0.00 writes per sync, written: 0.00 MB, 0.00 MB/s
Interval stall: 00:00:0.000 H:M:S, 0.0 percent

** Compaction Stats [default] **
Level    Files   Size     Score Read(GB)  Rn(GB) Rnp1(GB) Write(GB) Wnew(GB) Moved(GB) W-Amp Rd(MB/s) Wr(MB/s) Comp(sec) Comp(cnt) Avg(sec) KeyIn KeyDrop
----------------------------------------------------------------------------------------------------------------------------------------------------------
  L0      4/0    4.27 KB   1.0      0.0     0.0      0.0       0.0      0.0       0.0   1.0      0.0      0.3         0         1    0.004       0      0
  L1      2/0    3.40 KB   0.0      0.0     0.0      0.0       0.0      0.0       0.0   0.0      0.0      0.0         0         0    0.000       0      0
 Sum      6/0    7.67 KB   0.0      0.0     0.0      0.0       0.0      0.0       0.0   1.0      0.0      0.3         0         1    0.004       0      0
 Int      0/0    0.00 KB   0.0      0.0     0.0      0.0       0.0      0.0       0.0   1.0      0.0      0.3         0         1    0.004       0      0
Uptime(secs): 0.0 total, 0.0 interval
Flush(GB): cumulative 0.000, interval 0.000
AddFile(GB): cumulative 0.000, interval 0.000
AddFile(Total Files): cumulative 0, interval 0
AddFile(L0 Files): cumulative 0, interval 0
AddFile(Keys): cumulative 0, interval 0
Cumulative compaction: 0.00 GB write, 0.06 MB/s write, 0.00 GB read, 0.00 MB/s read, 0.0 seconds
Interval compaction: 0.00 GB write, 0.06 MB/s write, 0.00 GB read, 0.00 MB/s read, 0.0 seconds
Stalls(count): 0 level0_slowdown, 0 level0_slowdown_with_compaction, 0 level0_numfiles, 0 level0_numfiles_with_compaction, 0 stop for pending_compaction_bytes, 0 slowdown for pending_compaction_bytes, 0 memtable_compaction, 0 memtable_slowdown, interval 0 total count

** File Read Latency Histogram By Level [default] **

** Compaction Stats [default] **
Level    Files   Size     Score Read(GB)  Rn(GB) Rnp1(GB) Write(GB) Wnew(GB) Moved(GB) W-Amp Rd(MB/s) Wr(MB/s) Comp(sec) Comp(cnt) Avg(sec) KeyIn KeyDrop
----------------------------------------------------------------------------------------------------------------------------------------------------------
  L0      4/0    4.27 KB   1.0      0.0     0.0      0.0       0.0      0.0       0.0   1.0      0.0      0.3         0         1    0.004       0      0
  L1      2/0    3.40 KB   0.0      0.0     0.0      0.0       0.0      0.0       0.0   0.0      0.0      0.0         0         0    0.000       0      0
 Sum      6/0    7.67 KB   0.0      0.0     0.0      0.0       0.0      0.0       0.0   1.0      0.0      0.3         0         1    0.004       0      0
 Int      0/0    0.00 KB   0.0      0.0     0.0      0.0       0.0      0.0       0.0   0.0      0.0      0.0         0         0    0.000       0      0
Uptime(secs): 0.0 total, 0.0 interval
Flush(GB): cumulative 0.000, interval 0.000
AddFile(GB): cumulative 0.000, interval 0.000
AddFile(Total Files): cumulative 0, interval 0
AddFile(L0 Files): cumulative 0, interval 0
AddFile(Keys): cumulative 0, interval 0
Cumulative compaction: 0.00 GB write, 0.06 MB/s write, 0.00 GB read, 0.00 MB/s read, 0.0 seconds
Interval compaction: 0.00 GB write, 0.00 MB/s write, 0.00 GB read, 0.00 MB/s read, 0.0 seconds
Stalls(count): 0 level0_slowdown, 0 level0_slowdown_with_compaction, 0 level0_numfiles, 0 level0_numfiles_with_compaction, 0 stop for pending_compaction_bytes, 0 slowdown for pending_compaction_bytes, 0 memtable_compaction, 0 memtable_slowdown, interval 0 total count

** File Read Latency Histogram By Level [default] **
2019/10/28-10:30:32.735990 7fde7affd700 [db/compaction_job.cc:1636] [default] [JOB 3] Compacting 4@0 + 1@1 files to L1, score 1.00
2019/10/28-10:30:32.736001 7fde7affd700 [db/compaction_job.cc:1640] [default] Compaction start summary: Base version 2 Base level 0, inputs: [156(1050B) 153(1134B) 150(1053B) 147(1132B)], [145(2156B)]
2019/10/28-10:30:32.736045 7fde7affd700 EVENT_LOG_v1 {"time_micros": 1572255032736022, "job": 3, "event": "compaction_started", "compaction_reason": "LevelL0FilesNum", "files_L0": [156, 153, 150, 147], "files_L1": [145], "score": 1, "input_data_size": 6525}
2019/10/28-10:30:32.738339 7fde7affd700 [db/compaction_job.cc:1324] [default] [JOB 3] Generated table #161: 126 keys, 2152 bytes
2019/10/28-10:30:32.738362 7fde7affd700 EVENT_LOG_v1 {"time_micros": 1572255032738353, "cf_name": "default", "job": 3, "event": "table_file_creation", "file_number": 161, "file_size": 2152, "table_properties": {"data_size": 1477, "index_size": 56, "filter_size": 0, "raw_key_size": 3494, "raw_average_key_size": 27, "raw_value_size": 3559, "raw_average_value_size": 28, "num_data_blocks": 2, "num_entries": 126, "filter_policy_name": "", "kDeletedKeys": "0", "kMergeOperands": "0"}}
2019/10/28-10:30:32.740129 7fde7affd700 [db/compaction_job.cc:1390] [default] [JOB 3] Compacted 4@0 + 1@1 files to L1 => 2152 bytes
2019/10/28-10:30:32.741755 7fde7affd700 (Original Log Time 2019/10/28-10:30:32.741709) [db/compaction_job.cc:752] [default] compacted to: base level 1 max bytes base 268435456 files[0 2 0 0 0 0 0] max score 0.00, MB/sec: 2.8 rd, 0.9 wr, level 1, files in(4, 1) out(1) MB in(0.0, 0.0) out(0.0), read-write-amplify(2.0) write-amplify(0.5) OK, records in: 186, records dropped: 60 output_compression: Snappy
2019/10/28-10:30:32.741760 7fde7affd700 (Original Log Time 2019/10/28-10:30:32.741730) EVENT_LOG_v1 {"time_micros": 1572255032741721, "job": 3, "event": "compaction_finished", "compaction_time_micros": 2333, "output_level": 1, "num_output_files": 1, "total_output_size": 2152, "num_input_records": 186, "num_output_records": 126, "num_subcompactions": 1, "output_compression": "Snappy", "num_single_delete_mismatches": 0, "num_single_delete_fallthrough": 0, "lsm_state": [0, 2, 0, 0, 0, 0, 0]}
2019/10/28-10:30:32.741858 7fde7affd700 EVENT_LOG_v1 {"time_micros": 1572255032741855, "job": 3, "event": "table_file_deletion", "file_number": 156}
2019/10/28-10:30:32.741930 7fde7affd700 EVENT_LOG_v1 {"time_micros": 1572255032741928, "job": 3, "event": "table_file_deletion", "file_number": 153}
2019/10/28-10:30:32.742002 7fde7affd700 EVENT_LOG_v1 {"time_micros": 1572255032741999, "job": 3, "event": "table_file_deletion", "file_number": 150}
2019/10/28-10:30:32.747921 7fde7affd700 EVENT_LOG_v1 {"time_micros": 1572255032747918, "job": 3, "event": "table_file_deletion", "file_number": 147}
2019/10/28-10:30:32.747985 7fde7affd700 EVENT_LOG_v1 {"time_micros": 1572255032747983, "job": 3, "event": "table_file_deletion", "file_number": 145}
