2019/10/24-15:09:52.354815 7fbd87b9da40 RocksDB version: 5.17.2
2019/10/24-15:09:52.354944 7fbd87b9da40 Git sha rocksdb_build_git_sha:
2019/10/24-15:09:52.354948 7fbd87b9da40 Compile date Dec 19 2018
2019/10/24-15:09:52.354956 7fbd87b9da40 DB SUMMARY
2019/10/24-15:09:52.355018 7fbd87b9da40 CURRENT file:  CURRENT
2019/10/24-15:09:52.355021 7fbd87b9da40 IDENTITY file:  IDENTITY
2019/10/24-15:09:52.355029 7fbd87b9da40 MANIFEST file:  MANIFEST-000058 size: 156 Bytes
2019/10/24-15:09:52.355033 7fbd87b9da40 SST files in test5.db dir, Total Num: 2, files: 000055.sst 000057.sst 
2019/10/24-15:09:52.355036 7fbd87b9da40 Write Ahead Log file in test5.db: 000059.log size: 3827 ; 
2019/10/24-15:09:52.355040 7fbd87b9da40                         Options.error_if_exists: 0
2019/10/24-15:09:52.355042 7fbd87b9da40                       Options.create_if_missing: 1
2019/10/24-15:09:52.355044 7fbd87b9da40                         Options.paranoid_checks: 1
2019/10/24-15:09:52.355046 7fbd87b9da40                                     Options.env: 0x7fbd87b92300
2019/10/24-15:09:52.355047 7fbd87b9da40                                Options.info_log: 0x310b7e0
2019/10/24-15:09:52.355049 7fbd87b9da40                Options.max_file_opening_threads: 16
2019/10/24-15:09:52.355051 7fbd87b9da40                              Options.statistics: (nil)
2019/10/24-15:09:52.355053 7fbd87b9da40                               Options.use_fsync: 0
2019/10/24-15:09:52.355055 7fbd87b9da40                       Options.max_log_file_size: 0
2019/10/24-15:09:52.355057 7fbd87b9da40                  Options.max_manifest_file_size: 1073741824
2019/10/24-15:09:52.355058 7fbd87b9da40                   Options.log_file_time_to_roll: 0
2019/10/24-15:09:52.355060 7fbd87b9da40                       Options.keep_log_file_num: 1000
2019/10/24-15:09:52.355090 7fbd87b9da40                    Options.recycle_log_file_num: 0
2019/10/24-15:09:52.355093 7fbd87b9da40                         Options.allow_fallocate: 1
2019/10/24-15:09:52.355095 7fbd87b9da40                        Options.allow_mmap_reads: 0
2019/10/24-15:09:52.355097 7fbd87b9da40                       Options.allow_mmap_writes: 0
2019/10/24-15:09:52.355098 7fbd87b9da40                        Options.use_direct_reads: 0
2019/10/24-15:09:52.355100 7fbd87b9da40                        Options.use_direct_io_for_flush_and_compaction: 0
2019/10/24-15:09:52.355102 7fbd87b9da40          Options.create_missing_column_families: 0
2019/10/24-15:09:52.355104 7fbd87b9da40                              Options.db_log_dir: 
2019/10/24-15:09:52.355105 7fbd87b9da40                                 Options.wal_dir: test5.db
2019/10/24-15:09:52.355107 7fbd87b9da40                Options.table_cache_numshardbits: 6
2019/10/24-15:09:52.355109 7fbd87b9da40                      Options.max_subcompactions: 1
2019/10/24-15:09:52.355111 7fbd87b9da40                  Options.max_background_flushes: -1
2019/10/24-15:09:52.355113 7fbd87b9da40                         Options.WAL_ttl_seconds: 0
2019/10/24-15:09:52.355115 7fbd87b9da40                       Options.WAL_size_limit_MB: 0
2019/10/24-15:09:52.355117 7fbd87b9da40             Options.manifest_preallocation_size: 4194304
2019/10/24-15:09:52.355119 7fbd87b9da40                     Options.is_fd_close_on_exec: 1
2019/10/24-15:09:52.355120 7fbd87b9da40                   Options.advise_random_on_open: 1
2019/10/24-15:09:52.355121 7fbd87b9da40                    Options.db_write_buffer_size: 0
2019/10/24-15:09:52.355123 7fbd87b9da40                    Options.write_buffer_manager: 0x30fb690
2019/10/24-15:09:52.355124 7fbd87b9da40         Options.access_hint_on_compaction_start: 1
2019/10/24-15:09:52.355125 7fbd87b9da40  Options.new_table_reader_for_compaction_inputs: 0
2019/10/24-15:09:52.355127 7fbd87b9da40           Options.random_access_max_buffer_size: 1048576
2019/10/24-15:09:52.355128 7fbd87b9da40                      Options.use_adaptive_mutex: 0
2019/10/24-15:09:52.355129 7fbd87b9da40                            Options.rate_limiter: (nil)
2019/10/24-15:09:52.355131 7fbd87b9da40     Options.sst_file_manager.rate_bytes_per_sec: 0
2019/10/24-15:09:52.355132 7fbd87b9da40                       Options.wal_recovery_mode: 2
2019/10/24-15:09:52.355152 7fbd87b9da40                  Options.enable_thread_tracking: 0
2019/10/24-15:09:52.355155 7fbd87b9da40                  Options.enable_pipelined_write: 0
2019/10/24-15:09:52.355157 7fbd87b9da40         Options.allow_concurrent_memtable_write: 1
2019/10/24-15:09:52.355159 7fbd87b9da40      Options.enable_write_thread_adaptive_yield: 1
2019/10/24-15:09:52.355160 7fbd87b9da40             Options.write_thread_max_yield_usec: 100
2019/10/24-15:09:52.355162 7fbd87b9da40            Options.write_thread_slow_yield_usec: 3
2019/10/24-15:09:52.355163 7fbd87b9da40                               Options.row_cache: None
2019/10/24-15:09:52.355165 7fbd87b9da40                              Options.wal_filter: None
2019/10/24-15:09:52.355167 7fbd87b9da40             Options.avoid_flush_during_recovery: 0
2019/10/24-15:09:52.355169 7fbd87b9da40             Options.allow_ingest_behind: 0
2019/10/24-15:09:52.355171 7fbd87b9da40             Options.preserve_deletes: 0
2019/10/24-15:09:52.355173 7fbd87b9da40             Options.two_write_queues: 0
2019/10/24-15:09:52.355174 7fbd87b9da40             Options.manual_wal_flush: 0
2019/10/24-15:09:52.355176 7fbd87b9da40             Options.max_background_jobs: 2
2019/10/24-15:09:52.355178 7fbd87b9da40             Options.max_background_compactions: -1
2019/10/24-15:09:52.355179 7fbd87b9da40             Options.avoid_flush_during_shutdown: 0
2019/10/24-15:09:52.355181 7fbd87b9da40           Options.writable_file_max_buffer_size: 1048576
2019/10/24-15:09:52.355183 7fbd87b9da40             Options.delayed_write_rate : 16777216
2019/10/24-15:09:52.355184 7fbd87b9da40             Options.max_total_wal_size: 0
2019/10/24-15:09:52.355186 7fbd87b9da40             Options.delete_obsolete_files_period_micros: 21600000000
2019/10/24-15:09:52.355188 7fbd87b9da40                   Options.stats_dump_period_sec: 600
2019/10/24-15:09:52.355189 7fbd87b9da40                          Options.max_open_files: -1
2019/10/24-15:09:52.355191 7fbd87b9da40                          Options.bytes_per_sync: 0
2019/10/24-15:09:52.355193 7fbd87b9da40                      Options.wal_bytes_per_sync: 0
2019/10/24-15:09:52.355195 7fbd87b9da40       Options.compaction_readahead_size: 0
2019/10/24-15:09:52.355197 7fbd87b9da40 Compression algorithms supported:
2019/10/24-15:09:52.355199 7fbd87b9da40 	kZSTDNotFinalCompression supported: 1
2019/10/24-15:09:52.355204 7fbd87b9da40 	kZSTD supported: 1
2019/10/24-15:09:52.355206 7fbd87b9da40 	kXpressCompression supported: 0
2019/10/24-15:09:52.355207 7fbd87b9da40 	kLZ4HCCompression supported: 1
2019/10/24-15:09:52.355210 7fbd87b9da40 	kLZ4Compression supported: 1
2019/10/24-15:09:52.355211 7fbd87b9da40 	kBZip2Compression supported: 1
2019/10/24-15:09:52.355213 7fbd87b9da40 	kZlibCompression supported: 1
2019/10/24-15:09:52.355215 7fbd87b9da40 	kSnappyCompression supported: 1
2019/10/24-15:09:52.355218 7fbd87b9da40 Fast CRC32 supported: Not supported on x86
2019/10/24-15:09:52.355540 7fbd87b9da40 [db/version_set.cc:3406] Recovering from manifest file: MANIFEST-000058
2019/10/24-15:09:52.355654 7fbd87b9da40 [db/column_family.cc:475] --------------- Options for column family [default]:
2019/10/24-15:09:52.355657 7fbd87b9da40               Options.comparator: leveldb.BytewiseComparator
2019/10/24-15:09:52.355659 7fbd87b9da40           Options.merge_operator: None
2019/10/24-15:09:52.355661 7fbd87b9da40        Options.compaction_filter: None
2019/10/24-15:09:52.355663 7fbd87b9da40        Options.compaction_filter_factory: None
2019/10/24-15:09:52.355665 7fbd87b9da40         Options.memtable_factory: SkipListFactory
2019/10/24-15:09:52.355667 7fbd87b9da40            Options.table_factory: BlockBasedTable
2019/10/24-15:09:52.355709 7fbd87b9da40            table_factory options:   flush_block_policy_factory: FlushBlockBySizePolicyFactory (0x30ff7b0)
  cache_index_and_filter_blocks: 0
  cache_index_and_filter_blocks_with_high_priority: 0
  pin_l0_filter_and_index_blocks_in_cache: 0
  pin_top_level_index_and_filter: 1
  index_type: 0
  hash_index_allow_collision: 1
  checksum: 1
  no_block_cache: 0
  block_cache: 0x30f33f0
  block_cache_name: LRUCache
  block_cache_options:
    capacity : 8388608
    num_shard_bits : 4
    strict_capacity_limit : 0
    high_pri_pool_ratio: 0.000
  block_cache_compressed: (nil)
  persistent_cache: (nil)
  block_size: 4096
  block_size_deviation: 10
  block_restart_interval: 16
  index_block_restart_interval: 1
  metadata_block_size: 4096
  partition_filters: 0
  use_delta_encoding: 1
  filter_policy: nullptr
  whole_key_filtering: 1
  verify_compression: 0
  read_amp_bytes_per_bit: 0
  format_version: 2
  enable_index_compression: 1
  block_align: 0
2019/10/24-15:09:52.355737 7fbd87b9da40        Options.write_buffer_size: 67108864
2019/10/24-15:09:52.355740 7fbd87b9da40  Options.max_write_buffer_number: 2
2019/10/24-15:09:52.355742 7fbd87b9da40          Options.compression: Snappy
2019/10/24-15:09:52.355744 7fbd87b9da40                  Options.bottommost_compression: Disabled
2019/10/24-15:09:52.355746 7fbd87b9da40       Options.prefix_extractor: nullptr
2019/10/24-15:09:52.355748 7fbd87b9da40   Options.memtable_insert_with_hint_prefix_extractor: nullptr
2019/10/24-15:09:52.355749 7fbd87b9da40             Options.num_levels: 7
2019/10/24-15:09:52.355751 7fbd87b9da40        Options.min_write_buffer_number_to_merge: 1
2019/10/24-15:09:52.355752 7fbd87b9da40     Options.max_write_buffer_number_to_maintain: 0
2019/10/24-15:09:52.355754 7fbd87b9da40            Options.bottommost_compression_opts.window_bits: -14
2019/10/24-15:09:52.355756 7fbd87b9da40                  Options.bottommost_compression_opts.level: 32767
2019/10/24-15:09:52.355757 7fbd87b9da40               Options.bottommost_compression_opts.strategy: 0
2019/10/24-15:09:52.355759 7fbd87b9da40         Options.bottommost_compression_opts.max_dict_bytes: 0
2019/10/24-15:09:52.355761 7fbd87b9da40         Options.bottommost_compression_opts.zstd_max_train_bytes: 0
2019/10/24-15:09:52.355762 7fbd87b9da40                  Options.bottommost_compression_opts.enabled: false
2019/10/24-15:09:52.355764 7fbd87b9da40            Options.compression_opts.window_bits: -14
2019/10/24-15:09:52.355766 7fbd87b9da40                  Options.compression_opts.level: 32767
2019/10/24-15:09:52.355768 7fbd87b9da40               Options.compression_opts.strategy: 0
2019/10/24-15:09:52.355770 7fbd87b9da40         Options.compression_opts.max_dict_bytes: 0
2019/10/24-15:09:52.355771 7fbd87b9da40         Options.compression_opts.zstd_max_train_bytes: 0
2019/10/24-15:09:52.355773 7fbd87b9da40                  Options.compression_opts.enabled: false
2019/10/24-15:09:52.355775 7fbd87b9da40      Options.level0_file_num_compaction_trigger: 4
2019/10/24-15:09:52.355777 7fbd87b9da40          Options.level0_slowdown_writes_trigger: 20
2019/10/24-15:09:52.355779 7fbd87b9da40              Options.level0_stop_writes_trigger: 36
2019/10/24-15:09:52.355781 7fbd87b9da40                   Options.target_file_size_base: 67108864
2019/10/24-15:09:52.355782 7fbd87b9da40             Options.target_file_size_multiplier: 1
2019/10/24-15:09:52.355783 7fbd87b9da40                Options.max_bytes_for_level_base: 268435456
2019/10/24-15:09:52.355785 7fbd87b9da40 Options.level_compaction_dynamic_level_bytes: 0
2019/10/24-15:09:52.355786 7fbd87b9da40          Options.max_bytes_for_level_multiplier: 10.000000
2019/10/24-15:09:52.355790 7fbd87b9da40 Options.max_bytes_for_level_multiplier_addtl[0]: 1
2019/10/24-15:09:52.355791 7fbd87b9da40 Options.max_bytes_for_level_multiplier_addtl[1]: 1
2019/10/24-15:09:52.355793 7fbd87b9da40 Options.max_bytes_for_level_multiplier_addtl[2]: 1
2019/10/24-15:09:52.355794 7fbd87b9da40 Options.max_bytes_for_level_multiplier_addtl[3]: 1
2019/10/24-15:09:52.355796 7fbd87b9da40 Options.max_bytes_for_level_multiplier_addtl[4]: 1
2019/10/24-15:09:52.355797 7fbd87b9da40 Options.max_bytes_for_level_multiplier_addtl[5]: 1
2019/10/24-15:09:52.355798 7fbd87b9da40 Options.max_bytes_for_level_multiplier_addtl[6]: 1
2019/10/24-15:09:52.355800 7fbd87b9da40       Options.max_sequential_skip_in_iterations: 8
2019/10/24-15:09:52.355814 7fbd87b9da40                    Options.max_compaction_bytes: 1677721600
2019/10/24-15:09:52.355817 7fbd87b9da40                        Options.arena_block_size: 8388608
2019/10/24-15:09:52.355818 7fbd87b9da40   Options.soft_pending_compaction_bytes_limit: 68719476736
2019/10/24-15:09:52.355820 7fbd87b9da40   Options.hard_pending_compaction_bytes_limit: 274877906944
2019/10/24-15:09:52.355822 7fbd87b9da40       Options.rate_limit_delay_max_milliseconds: 100
2019/10/24-15:09:52.355824 7fbd87b9da40                Options.disable_auto_compactions: 0
2019/10/24-15:09:52.355826 7fbd87b9da40                        Options.compaction_style: kCompactionStyleLevel
2019/10/24-15:09:52.355829 7fbd87b9da40                          Options.compaction_pri: kByCompensatedSize
2019/10/24-15:09:52.355830 7fbd87b9da40 Options.compaction_options_universal.size_ratio: 1
2019/10/24-15:09:52.355832 7fbd87b9da40 Options.compaction_options_universal.min_merge_width: 2
2019/10/24-15:09:52.355834 7fbd87b9da40 Options.compaction_options_universal.max_merge_width: 4294967295
2019/10/24-15:09:52.355836 7fbd87b9da40 Options.compaction_options_universal.max_size_amplification_percent: 200
2019/10/24-15:09:52.355837 7fbd87b9da40 Options.compaction_options_universal.compression_size_percent: -1
2019/10/24-15:09:52.355840 7fbd87b9da40 Options.compaction_options_universal.stop_style: kCompactionStopStyleTotalSize
2019/10/24-15:09:52.355842 7fbd87b9da40 Options.compaction_options_fifo.max_table_files_size: 1073741824
2019/10/24-15:09:52.355843 7fbd87b9da40 Options.compaction_options_fifo.allow_compaction: 0
2019/10/24-15:09:52.355845 7fbd87b9da40 Options.compaction_options_fifo.ttl: 0
2019/10/24-15:09:52.355847 7fbd87b9da40                   Options.table_properties_collectors: 
2019/10/24-15:09:52.355849 7fbd87b9da40                   Options.inplace_update_support: 0
2019/10/24-15:09:52.355850 7fbd87b9da40                 Options.inplace_update_num_locks: 10000
2019/10/24-15:09:52.355852 7fbd87b9da40               Options.memtable_prefix_bloom_size_ratio: 0.000000
2019/10/24-15:09:52.355855 7fbd87b9da40   Options.memtable_huge_page_size: 0
2019/10/24-15:09:52.355856 7fbd87b9da40                           Options.bloom_locality: 0
2019/10/24-15:09:52.355858 7fbd87b9da40                    Options.max_successive_merges: 0
2019/10/24-15:09:52.355860 7fbd87b9da40                Options.optimize_filters_for_hits: 0
2019/10/24-15:09:52.355861 7fbd87b9da40                Options.paranoid_file_checks: 0
2019/10/24-15:09:52.355863 7fbd87b9da40                Options.force_consistency_checks: 0
2019/10/24-15:09:52.355864 7fbd87b9da40                Options.report_bg_io_stats: 0
2019/10/24-15:09:52.355866 7fbd87b9da40                               Options.ttl: 0
2019/10/24-15:09:52.359187 7fbd87b9da40 [db/version_set.cc:3610] Recovered from manifest file:test5.db/MANIFEST-000058 succeeded,manifest_file_number is 58, next_file_number is 60, last_sequence is 286, log_number is 0,prev_log_number is 0,max_column_family is 0,min_log_number_to_keep is 0
2019/10/24-15:09:52.359192 7fbd87b9da40 [db/version_set.cc:3618] Column family [default] (ID 0), log number is 53
2019/10/24-15:09:52.359279 7fbd87b9da40 EVENT_LOG_v1 {"time_micros": 1571922592359270, "job": 1, "event": "recovery_started", "log_files": [59]}
2019/10/24-15:09:52.359283 7fbd87b9da40 [db/db_impl_open.cc:561] Recovering log #59 mode 2
2019/10/24-15:09:52.362840 7fbd87b9da40 EVENT_LOG_v1 {"time_micros": 1571922592362832, "cf_name": "default", "job": 1, "event": "table_file_creation", "file_number": 60, "file_size": 1539, "table_properties": {"data_size": 892, "index_size": 28, "filter_size": 0, "raw_key_size": 1910, "raw_average_key_size": 27, "raw_value_size": 937, "raw_average_value_size": 13, "num_data_blocks": 1, "num_entries": 70, "filter_policy_name": "", "kDeletedKeys": "0", "kMergeOperands": "0"}}
2019/10/24-15:09:52.362905 7fbd87b9da40 [db/version_set.cc:2936] Creating manifest 61
2019/10/24-15:09:52.367290 7fbd87b9da40 EVENT_LOG_v1 {"time_micros": 1571922592367288, "job": 1, "event": "recovery_finished"}
2019/10/24-15:09:52.375037 7fbd87b9da40 [db/db_impl_open.cc:1287] DB pointer 0x310a4a0
