2019/10/28-11:35:27.154991 7fee24243a40 RocksDB version: 5.17.2
2019/10/28-11:35:27.155084 7fee24243a40 Git sha rocksdb_build_git_sha:
2019/10/28-11:35:27.155087 7fee24243a40 Compile date Dec 19 2018
2019/10/28-11:35:27.155093 7fee24243a40 DB SUMMARY
2019/10/28-11:35:27.155133 7fee24243a40 CURRENT file:  CURRENT
2019/10/28-11:35:27.155136 7fee24243a40 IDENTITY file:  IDENTITY
2019/10/28-11:35:27.155141 7fee24243a40 MANIFEST file:  MANIFEST-000017 size: 59 Bytes
2019/10/28-11:35:27.155144 7fee24243a40 SST files in test5.db dir, Total Num: 0, files: 
2019/10/28-11:35:27.155146 7fee24243a40 Write Ahead Log file in test5.db: 000018.log size: 0 ; 
2019/10/28-11:35:27.155148 7fee24243a40                         Options.error_if_exists: 0
2019/10/28-11:35:27.155150 7fee24243a40                       Options.create_if_missing: 1
2019/10/28-11:35:27.155151 7fee24243a40                         Options.paranoid_checks: 1
2019/10/28-11:35:27.155152 7fee24243a40                                     Options.env: 0x7fee23ff2300
2019/10/28-11:35:27.155154 7fee24243a40                                Options.info_log: 0x18357e0
2019/10/28-11:35:27.155155 7fee24243a40                Options.max_file_opening_threads: 16
2019/10/28-11:35:27.155157 7fee24243a40                              Options.statistics: (nil)
2019/10/28-11:35:27.155158 7fee24243a40                               Options.use_fsync: 0
2019/10/28-11:35:27.155160 7fee24243a40                       Options.max_log_file_size: 0
2019/10/28-11:35:27.155161 7fee24243a40                  Options.max_manifest_file_size: 1073741824
2019/10/28-11:35:27.155162 7fee24243a40                   Options.log_file_time_to_roll: 0
2019/10/28-11:35:27.155164 7fee24243a40                       Options.keep_log_file_num: 1000
2019/10/28-11:35:27.155165 7fee24243a40                    Options.recycle_log_file_num: 0
2019/10/28-11:35:27.155166 7fee24243a40                         Options.allow_fallocate: 1
2019/10/28-11:35:27.155167 7fee24243a40                        Options.allow_mmap_reads: 0
2019/10/28-11:35:27.155169 7fee24243a40                       Options.allow_mmap_writes: 0
2019/10/28-11:35:27.155170 7fee24243a40                        Options.use_direct_reads: 0
2019/10/28-11:35:27.155171 7fee24243a40                        Options.use_direct_io_for_flush_and_compaction: 0
2019/10/28-11:35:27.155172 7fee24243a40          Options.create_missing_column_families: 0
2019/10/28-11:35:27.155174 7fee24243a40                              Options.db_log_dir: 
2019/10/28-11:35:27.155175 7fee24243a40                                 Options.wal_dir: test5.db
2019/10/28-11:35:27.155176 7fee24243a40                Options.table_cache_numshardbits: 6
2019/10/28-11:35:27.155177 7fee24243a40                      Options.max_subcompactions: 1
2019/10/28-11:35:27.155179 7fee24243a40                  Options.max_background_flushes: -1
2019/10/28-11:35:27.155180 7fee24243a40                         Options.WAL_ttl_seconds: 0
2019/10/28-11:35:27.155182 7fee24243a40                       Options.WAL_size_limit_MB: 0
2019/10/28-11:35:27.155183 7fee24243a40             Options.manifest_preallocation_size: 4194304
2019/10/28-11:35:27.155184 7fee24243a40                     Options.is_fd_close_on_exec: 1
2019/10/28-11:35:27.155185 7fee24243a40                   Options.advise_random_on_open: 1
2019/10/28-11:35:27.155187 7fee24243a40                    Options.db_write_buffer_size: 0
2019/10/28-11:35:27.155188 7fee24243a40                    Options.write_buffer_manager: 0x1825690
2019/10/28-11:35:27.155189 7fee24243a40         Options.access_hint_on_compaction_start: 1
2019/10/28-11:35:27.155190 7fee24243a40  Options.new_table_reader_for_compaction_inputs: 0
2019/10/28-11:35:27.155192 7fee24243a40           Options.random_access_max_buffer_size: 1048576
2019/10/28-11:35:27.155193 7fee24243a40                      Options.use_adaptive_mutex: 0
2019/10/28-11:35:27.155194 7fee24243a40                            Options.rate_limiter: (nil)
2019/10/28-11:35:27.155196 7fee24243a40     Options.sst_file_manager.rate_bytes_per_sec: 0
2019/10/28-11:35:27.155197 7fee24243a40                       Options.wal_recovery_mode: 2
2019/10/28-11:35:27.155212 7fee24243a40                  Options.enable_thread_tracking: 0
2019/10/28-11:35:27.155215 7fee24243a40                  Options.enable_pipelined_write: 0
2019/10/28-11:35:27.155216 7fee24243a40         Options.allow_concurrent_memtable_write: 1
2019/10/28-11:35:27.155218 7fee24243a40      Options.enable_write_thread_adaptive_yield: 1
2019/10/28-11:35:27.155219 7fee24243a40             Options.write_thread_max_yield_usec: 100
2019/10/28-11:35:27.155221 7fee24243a40            Options.write_thread_slow_yield_usec: 3
2019/10/28-11:35:27.155223 7fee24243a40                               Options.row_cache: None
2019/10/28-11:35:27.155224 7fee24243a40                              Options.wal_filter: None
2019/10/28-11:35:27.155226 7fee24243a40             Options.avoid_flush_during_recovery: 0
2019/10/28-11:35:27.155228 7fee24243a40             Options.allow_ingest_behind: 0
2019/10/28-11:35:27.155229 7fee24243a40             Options.preserve_deletes: 0
2019/10/28-11:35:27.155231 7fee24243a40             Options.two_write_queues: 0
2019/10/28-11:35:27.155233 7fee24243a40             Options.manual_wal_flush: 0
2019/10/28-11:35:27.155235 7fee24243a40             Options.max_background_jobs: 2
2019/10/28-11:35:27.155237 7fee24243a40             Options.max_background_compactions: -1
2019/10/28-11:35:27.155239 7fee24243a40             Options.avoid_flush_during_shutdown: 0
2019/10/28-11:35:27.155241 7fee24243a40           Options.writable_file_max_buffer_size: 1048576
2019/10/28-11:35:27.155242 7fee24243a40             Options.delayed_write_rate : 16777216
2019/10/28-11:35:27.155244 7fee24243a40             Options.max_total_wal_size: 0
2019/10/28-11:35:27.155246 7fee24243a40             Options.delete_obsolete_files_period_micros: 21600000000
2019/10/28-11:35:27.155247 7fee24243a40                   Options.stats_dump_period_sec: 600
2019/10/28-11:35:27.155249 7fee24243a40                          Options.max_open_files: -1
2019/10/28-11:35:27.155251 7fee24243a40                          Options.bytes_per_sync: 0
2019/10/28-11:35:27.155252 7fee24243a40                      Options.wal_bytes_per_sync: 0
2019/10/28-11:35:27.155254 7fee24243a40       Options.compaction_readahead_size: 0
2019/10/28-11:35:27.155255 7fee24243a40 Compression algorithms supported:
2019/10/28-11:35:27.155257 7fee24243a40 	kZSTDNotFinalCompression supported: 1
2019/10/28-11:35:27.155261 7fee24243a40 	kZSTD supported: 1
2019/10/28-11:35:27.155263 7fee24243a40 	kXpressCompression supported: 0
2019/10/28-11:35:27.155265 7fee24243a40 	kLZ4HCCompression supported: 1
2019/10/28-11:35:27.155267 7fee24243a40 	kLZ4Compression supported: 1
2019/10/28-11:35:27.155269 7fee24243a40 	kBZip2Compression supported: 1
2019/10/28-11:35:27.155271 7fee24243a40 	kZlibCompression supported: 1
2019/10/28-11:35:27.155272 7fee24243a40 	kSnappyCompression supported: 1
2019/10/28-11:35:27.155275 7fee24243a40 Fast CRC32 supported: Not supported on x86
2019/10/28-11:35:27.155520 7fee24243a40 [db/version_set.cc:3406] Recovering from manifest file: MANIFEST-000017
2019/10/28-11:35:27.155620 7fee24243a40 [db/column_family.cc:475] --------------- Options for column family [default]:
2019/10/28-11:35:27.155623 7fee24243a40               Options.comparator: leveldb.BytewiseComparator
2019/10/28-11:35:27.155625 7fee24243a40           Options.merge_operator: None
2019/10/28-11:35:27.155626 7fee24243a40        Options.compaction_filter: None
2019/10/28-11:35:27.155627 7fee24243a40        Options.compaction_filter_factory: None
2019/10/28-11:35:27.155629 7fee24243a40         Options.memtable_factory: SkipListFactory
2019/10/28-11:35:27.155631 7fee24243a40            Options.table_factory: BlockBasedTable
2019/10/28-11:35:27.155661 7fee24243a40            table_factory options:   flush_block_policy_factory: FlushBlockBySizePolicyFactory (0x18297b0)
  cache_index_and_filter_blocks: 0
  cache_index_and_filter_blocks_with_high_priority: 0
  pin_l0_filter_and_index_blocks_in_cache: 0
  pin_top_level_index_and_filter: 1
  index_type: 0
  hash_index_allow_collision: 1
  checksum: 1
  no_block_cache: 0
  block_cache: 0x181d3f0
  block_cache_name: LRUCache
  block_cache_options:
    capacity : 8388608
    num_shard_bits : 4
    strict_capacity_limit : 0
    high_pri_pool_ratio: 0.000
  block_cache_compressed: (nil)
  persistent_cache: (nil)
  block_size: 4096
  block_size_deviation: 10
  block_restart_interval: 16
  index_block_restart_interval: 1
  metadata_block_size: 4096
  partition_filters: 0
  use_delta_encoding: 1
  filter_policy: nullptr
  whole_key_filtering: 1
  verify_compression: 0
  read_amp_bytes_per_bit: 0
  format_version: 2
  enable_index_compression: 1
  block_align: 0
2019/10/28-11:35:27.155676 7fee24243a40        Options.write_buffer_size: 67108864
2019/10/28-11:35:27.155678 7fee24243a40  Options.max_write_buffer_number: 2
2019/10/28-11:35:27.155680 7fee24243a40          Options.compression: Snappy
2019/10/28-11:35:27.155681 7fee24243a40                  Options.bottommost_compression: Disabled
2019/10/28-11:35:27.155682 7fee24243a40       Options.prefix_extractor: nullptr
2019/10/28-11:35:27.155684 7fee24243a40   Options.memtable_insert_with_hint_prefix_extractor: nullptr
2019/10/28-11:35:27.155685 7fee24243a40             Options.num_levels: 7
2019/10/28-11:35:27.155686 7fee24243a40        Options.min_write_buffer_number_to_merge: 1
2019/10/28-11:35:27.155688 7fee24243a40     Options.max_write_buffer_number_to_maintain: 0
2019/10/28-11:35:27.155689 7fee24243a40            Options.bottommost_compression_opts.window_bits: -14
2019/10/28-11:35:27.155690 7fee24243a40                  Options.bottommost_compression_opts.level: 32767
2019/10/28-11:35:27.155691 7fee24243a40               Options.bottommost_compression_opts.strategy: 0
2019/10/28-11:35:27.155693 7fee24243a40         Options.bottommost_compression_opts.max_dict_bytes: 0
2019/10/28-11:35:27.155694 7fee24243a40         Options.bottommost_compression_opts.zstd_max_train_bytes: 0
2019/10/28-11:35:27.155695 7fee24243a40                  Options.bottommost_compression_opts.enabled: false
2019/10/28-11:35:27.155696 7fee24243a40            Options.compression_opts.window_bits: -14
2019/10/28-11:35:27.155698 7fee24243a40                  Options.compression_opts.level: 32767
2019/10/28-11:35:27.155699 7fee24243a40               Options.compression_opts.strategy: 0
2019/10/28-11:35:27.155700 7fee24243a40         Options.compression_opts.max_dict_bytes: 0
2019/10/28-11:35:27.155702 7fee24243a40         Options.compression_opts.zstd_max_train_bytes: 0
2019/10/28-11:35:27.155703 7fee24243a40                  Options.compression_opts.enabled: false
2019/10/28-11:35:27.155704 7fee24243a40      Options.level0_file_num_compaction_trigger: 4
2019/10/28-11:35:27.155705 7fee24243a40          Options.level0_slowdown_writes_trigger: 20
2019/10/28-11:35:27.155706 7fee24243a40              Options.level0_stop_writes_trigger: 36
2019/10/28-11:35:27.155708 7fee24243a40                   Options.target_file_size_base: 67108864
2019/10/28-11:35:27.155709 7fee24243a40             Options.target_file_size_multiplier: 1
2019/10/28-11:35:27.155710 7fee24243a40                Options.max_bytes_for_level_base: 268435456
2019/10/28-11:35:27.155711 7fee24243a40 Options.level_compaction_dynamic_level_bytes: 0
2019/10/28-11:35:27.155713 7fee24243a40          Options.max_bytes_for_level_multiplier: 10.000000
2019/10/28-11:35:27.155716 7fee24243a40 Options.max_bytes_for_level_multiplier_addtl[0]: 1
2019/10/28-11:35:27.155717 7fee24243a40 Options.max_bytes_for_level_multiplier_addtl[1]: 1
2019/10/28-11:35:27.155719 7fee24243a40 Options.max_bytes_for_level_multiplier_addtl[2]: 1
2019/10/28-11:35:27.155720 7fee24243a40 Options.max_bytes_for_level_multiplier_addtl[3]: 1
2019/10/28-11:35:27.155721 7fee24243a40 Options.max_bytes_for_level_multiplier_addtl[4]: 1
2019/10/28-11:35:27.155722 7fee24243a40 Options.max_bytes_for_level_multiplier_addtl[5]: 1
2019/10/28-11:35:27.155724 7fee24243a40 Options.max_bytes_for_level_multiplier_addtl[6]: 1
2019/10/28-11:35:27.155725 7fee24243a40       Options.max_sequential_skip_in_iterations: 8
2019/10/28-11:35:27.155735 7fee24243a40                    Options.max_compaction_bytes: 1677721600
2019/10/28-11:35:27.155737 7fee24243a40                        Options.arena_block_size: 8388608
2019/10/28-11:35:27.155738 7fee24243a40   Options.soft_pending_compaction_bytes_limit: 68719476736
2019/10/28-11:35:27.155740 7fee24243a40   Options.hard_pending_compaction_bytes_limit: 274877906944
2019/10/28-11:35:27.155741 7fee24243a40       Options.rate_limit_delay_max_milliseconds: 100
2019/10/28-11:35:27.155742 7fee24243a40                Options.disable_auto_compactions: 0
2019/10/28-11:35:27.155744 7fee24243a40                        Options.compaction_style: kCompactionStyleLevel
2019/10/28-11:35:27.155746 7fee24243a40                          Options.compaction_pri: kByCompensatedSize
2019/10/28-11:35:27.155748 7fee24243a40 Options.compaction_options_universal.size_ratio: 1
2019/10/28-11:35:27.155749 7fee24243a40 Options.compaction_options_universal.min_merge_width: 2
2019/10/28-11:35:27.155750 7fee24243a40 Options.compaction_options_universal.max_merge_width: 4294967295
2019/10/28-11:35:27.155751 7fee24243a40 Options.compaction_options_universal.max_size_amplification_percent: 200
2019/10/28-11:35:27.155753 7fee24243a40 Options.compaction_options_universal.compression_size_percent: -1
2019/10/28-11:35:27.155754 7fee24243a40 Options.compaction_options_universal.stop_style: kCompactionStopStyleTotalSize
2019/10/28-11:35:27.155756 7fee24243a40 Options.compaction_options_fifo.max_table_files_size: 1073741824
2019/10/28-11:35:27.155757 7fee24243a40 Options.compaction_options_fifo.allow_compaction: 0
2019/10/28-11:35:27.155758 7fee24243a40 Options.compaction_options_fifo.ttl: 0
2019/10/28-11:35:27.155759 7fee24243a40                   Options.table_properties_collectors: 
2019/10/28-11:35:27.155761 7fee24243a40                   Options.inplace_update_support: 0
2019/10/28-11:35:27.155762 7fee24243a40                 Options.inplace_update_num_locks: 10000
2019/10/28-11:35:27.155763 7fee24243a40               Options.memtable_prefix_bloom_size_ratio: 0.000000
2019/10/28-11:35:27.155765 7fee24243a40   Options.memtable_huge_page_size: 0
2019/10/28-11:35:27.155766 7fee24243a40                           Options.bloom_locality: 0
2019/10/28-11:35:27.155767 7fee24243a40                    Options.max_successive_merges: 0
2019/10/28-11:35:27.155769 7fee24243a40                Options.optimize_filters_for_hits: 0
2019/10/28-11:35:27.155770 7fee24243a40                Options.paranoid_file_checks: 0
2019/10/28-11:35:27.155771 7fee24243a40                Options.force_consistency_checks: 0
2019/10/28-11:35:27.155772 7fee24243a40                Options.report_bg_io_stats: 0
2019/10/28-11:35:27.155774 7fee24243a40                               Options.ttl: 0
2019/10/28-11:35:27.157120 7fee24243a40 [db/version_set.cc:3610] Recovered from manifest file:test5.db/MANIFEST-000017 succeeded,manifest_file_number is 17, next_file_number is 19, last_sequence is 0, log_number is 0,prev_log_number is 0,max_column_family is 0,min_log_number_to_keep is 0
2019/10/28-11:35:27.157141 7fee24243a40 [db/version_set.cc:3618] Column family [default] (ID 0), log number is 16
2019/10/28-11:35:27.157316 7fee24243a40 EVENT_LOG_v1 {"time_micros": 1572258927157295, "job": 1, "event": "recovery_started", "log_files": [18]}
2019/10/28-11:35:27.157327 7fee24243a40 [db/db_impl_open.cc:561] Recovering log #18 mode 2
2019/10/28-11:35:27.157613 7fee24243a40 [db/version_set.cc:2936] Creating manifest 20
2019/10/28-11:35:27.162780 7fee24243a40 EVENT_LOG_v1 {"time_micros": 1572258927162776, "job": 1, "event": "recovery_finished"}
2019/10/28-11:35:27.170605 7fee24243a40 [db/db_impl_open.cc:1287] DB pointer 0x18344a0
