2019/10/28-11:18:41.560509 7f76db415a40 RocksDB version: 5.17.2
2019/10/28-11:18:41.560604 7f76db415a40 Git sha rocksdb_build_git_sha:
2019/10/28-11:18:41.560607 7f76db415a40 Compile date Dec 19 2018
2019/10/28-11:18:41.560609 7f76db415a40 DB SUMMARY
2019/10/28-11:18:41.560645 7f76db415a40 CURRENT file:  CURRENT
2019/10/28-11:18:41.560647 7f76db415a40 IDENTITY file:  IDENTITY
2019/10/28-11:18:41.560653 7f76db415a40 MANIFEST file:  MANIFEST-000005 size: 59 Bytes
2019/10/28-11:18:41.560655 7f76db415a40 SST files in test5.db dir, Total Num: 0, files: 
2019/10/28-11:18:41.560657 7f76db415a40 Write Ahead Log file in test5.db: 000006.log size: 0 ; 
2019/10/28-11:18:41.560659 7f76db415a40                         Options.error_if_exists: 0
2019/10/28-11:18:41.560661 7f76db415a40                       Options.create_if_missing: 1
2019/10/28-11:18:41.560662 7f76db415a40                         Options.paranoid_checks: 1
2019/10/28-11:18:41.560664 7f76db415a40                                     Options.env: 0x7f76db40a300
2019/10/28-11:18:41.560665 7f76db415a40                                Options.info_log: 0x21a57e0
2019/10/28-11:18:41.560666 7f76db415a40                Options.max_file_opening_threads: 16
2019/10/28-11:18:41.560668 7f76db415a40                              Options.statistics: (nil)
2019/10/28-11:18:41.560669 7f76db415a40                               Options.use_fsync: 0
2019/10/28-11:18:41.560670 7f76db415a40                       Options.max_log_file_size: 0
2019/10/28-11:18:41.560672 7f76db415a40                  Options.max_manifest_file_size: 1073741824
2019/10/28-11:18:41.560673 7f76db415a40                   Options.log_file_time_to_roll: 0
2019/10/28-11:18:41.560675 7f76db415a40                       Options.keep_log_file_num: 1000
2019/10/28-11:18:41.560676 7f76db415a40                    Options.recycle_log_file_num: 0
2019/10/28-11:18:41.560677 7f76db415a40                         Options.allow_fallocate: 1
2019/10/28-11:18:41.560679 7f76db415a40                        Options.allow_mmap_reads: 0
2019/10/28-11:18:41.560680 7f76db415a40                       Options.allow_mmap_writes: 0
2019/10/28-11:18:41.560681 7f76db415a40                        Options.use_direct_reads: 0
2019/10/28-11:18:41.560682 7f76db415a40                        Options.use_direct_io_for_flush_and_compaction: 0
2019/10/28-11:18:41.560683 7f76db415a40          Options.create_missing_column_families: 0
2019/10/28-11:18:41.560685 7f76db415a40                              Options.db_log_dir: 
2019/10/28-11:18:41.560686 7f76db415a40                                 Options.wal_dir: test5.db
2019/10/28-11:18:41.560687 7f76db415a40                Options.table_cache_numshardbits: 6
2019/10/28-11:18:41.560688 7f76db415a40                      Options.max_subcompactions: 1
2019/10/28-11:18:41.560690 7f76db415a40                  Options.max_background_flushes: -1
2019/10/28-11:18:41.560691 7f76db415a40                         Options.WAL_ttl_seconds: 0
2019/10/28-11:18:41.560693 7f76db415a40                       Options.WAL_size_limit_MB: 0
2019/10/28-11:18:41.560694 7f76db415a40             Options.manifest_preallocation_size: 4194304
2019/10/28-11:18:41.560695 7f76db415a40                     Options.is_fd_close_on_exec: 1
2019/10/28-11:18:41.560697 7f76db415a40                   Options.advise_random_on_open: 1
2019/10/28-11:18:41.560698 7f76db415a40                    Options.db_write_buffer_size: 0
2019/10/28-11:18:41.560699 7f76db415a40                    Options.write_buffer_manager: 0x2195690
2019/10/28-11:18:41.560701 7f76db415a40         Options.access_hint_on_compaction_start: 1
2019/10/28-11:18:41.560702 7f76db415a40  Options.new_table_reader_for_compaction_inputs: 0
2019/10/28-11:18:41.560703 7f76db415a40           Options.random_access_max_buffer_size: 1048576
2019/10/28-11:18:41.560704 7f76db415a40                      Options.use_adaptive_mutex: 0
2019/10/28-11:18:41.560705 7f76db415a40                            Options.rate_limiter: (nil)
2019/10/28-11:18:41.560707 7f76db415a40     Options.sst_file_manager.rate_bytes_per_sec: 0
2019/10/28-11:18:41.560708 7f76db415a40                       Options.wal_recovery_mode: 2
2019/10/28-11:18:41.560721 7f76db415a40                  Options.enable_thread_tracking: 0
2019/10/28-11:18:41.560723 7f76db415a40                  Options.enable_pipelined_write: 0
2019/10/28-11:18:41.560725 7f76db415a40         Options.allow_concurrent_memtable_write: 1
2019/10/28-11:18:41.560726 7f76db415a40      Options.enable_write_thread_adaptive_yield: 1
2019/10/28-11:18:41.560727 7f76db415a40             Options.write_thread_max_yield_usec: 100
2019/10/28-11:18:41.560729 7f76db415a40            Options.write_thread_slow_yield_usec: 3
2019/10/28-11:18:41.560730 7f76db415a40                               Options.row_cache: None
2019/10/28-11:18:41.560731 7f76db415a40                              Options.wal_filter: None
2019/10/28-11:18:41.560732 7f76db415a40             Options.avoid_flush_during_recovery: 0
2019/10/28-11:18:41.560734 7f76db415a40             Options.allow_ingest_behind: 0
2019/10/28-11:18:41.560735 7f76db415a40             Options.preserve_deletes: 0
2019/10/28-11:18:41.560736 7f76db415a40             Options.two_write_queues: 0
2019/10/28-11:18:41.560737 7f76db415a40             Options.manual_wal_flush: 0
2019/10/28-11:18:41.560738 7f76db415a40             Options.max_background_jobs: 2
2019/10/28-11:18:41.560740 7f76db415a40             Options.max_background_compactions: -1
2019/10/28-11:18:41.560741 7f76db415a40             Options.avoid_flush_during_shutdown: 0
2019/10/28-11:18:41.560742 7f76db415a40           Options.writable_file_max_buffer_size: 1048576
2019/10/28-11:18:41.560743 7f76db415a40             Options.delayed_write_rate : 16777216
2019/10/28-11:18:41.560745 7f76db415a40             Options.max_total_wal_size: 0
2019/10/28-11:18:41.560746 7f76db415a40             Options.delete_obsolete_files_period_micros: 21600000000
2019/10/28-11:18:41.560747 7f76db415a40                   Options.stats_dump_period_sec: 600
2019/10/28-11:18:41.560748 7f76db415a40                          Options.max_open_files: -1
2019/10/28-11:18:41.560750 7f76db415a40                          Options.bytes_per_sync: 0
2019/10/28-11:18:41.560751 7f76db415a40                      Options.wal_bytes_per_sync: 0
2019/10/28-11:18:41.560752 7f76db415a40       Options.compaction_readahead_size: 0
2019/10/28-11:18:41.560753 7f76db415a40 Compression algorithms supported:
2019/10/28-11:18:41.560755 7f76db415a40 	kZSTDNotFinalCompression supported: 1
2019/10/28-11:18:41.560758 7f76db415a40 	kZSTD supported: 1
2019/10/28-11:18:41.560760 7f76db415a40 	kXpressCompression supported: 0
2019/10/28-11:18:41.560761 7f76db415a40 	kLZ4HCCompression supported: 1
2019/10/28-11:18:41.560763 7f76db415a40 	kLZ4Compression supported: 1
2019/10/28-11:18:41.560764 7f76db415a40 	kBZip2Compression supported: 1
2019/10/28-11:18:41.560765 7f76db415a40 	kZlibCompression supported: 1
2019/10/28-11:18:41.560767 7f76db415a40 	kSnappyCompression supported: 1
2019/10/28-11:18:41.560769 7f76db415a40 Fast CRC32 supported: Not supported on x86
2019/10/28-11:18:41.561044 7f76db415a40 [db/version_set.cc:3406] Recovering from manifest file: MANIFEST-000005
2019/10/28-11:18:41.561127 7f76db415a40 [db/column_family.cc:475] --------------- Options for column family [default]:
2019/10/28-11:18:41.561130 7f76db415a40               Options.comparator: leveldb.BytewiseComparator
2019/10/28-11:18:41.561132 7f76db415a40           Options.merge_operator: None
2019/10/28-11:18:41.561133 7f76db415a40        Options.compaction_filter: None
2019/10/28-11:18:41.561134 7f76db415a40        Options.compaction_filter_factory: None
2019/10/28-11:18:41.561136 7f76db415a40         Options.memtable_factory: SkipListFactory
2019/10/28-11:18:41.561138 7f76db415a40            Options.table_factory: BlockBasedTable
2019/10/28-11:18:41.561167 7f76db415a40            table_factory options:   flush_block_policy_factory: FlushBlockBySizePolicyFactory (0x21997b0)
  cache_index_and_filter_blocks: 0
  cache_index_and_filter_blocks_with_high_priority: 0
  pin_l0_filter_and_index_blocks_in_cache: 0
  pin_top_level_index_and_filter: 1
  index_type: 0
  hash_index_allow_collision: 1
  checksum: 1
  no_block_cache: 0
  block_cache: 0x218d3f0
  block_cache_name: LRUCache
  block_cache_options:
    capacity : 8388608
    num_shard_bits : 4
    strict_capacity_limit : 0
    high_pri_pool_ratio: 0.000
  block_cache_compressed: (nil)
  persistent_cache: (nil)
  block_size: 4096
  block_size_deviation: 10
  block_restart_interval: 16
  index_block_restart_interval: 1
  metadata_block_size: 4096
  partition_filters: 0
  use_delta_encoding: 1
  filter_policy: nullptr
  whole_key_filtering: 1
  verify_compression: 0
  read_amp_bytes_per_bit: 0
  format_version: 2
  enable_index_compression: 1
  block_align: 0
2019/10/28-11:18:41.561182 7f76db415a40        Options.write_buffer_size: 67108864
2019/10/28-11:18:41.561184 7f76db415a40  Options.max_write_buffer_number: 2
2019/10/28-11:18:41.561186 7f76db415a40          Options.compression: Snappy
2019/10/28-11:18:41.561187 7f76db415a40                  Options.bottommost_compression: Disabled
2019/10/28-11:18:41.561189 7f76db415a40       Options.prefix_extractor: nullptr
2019/10/28-11:18:41.561190 7f76db415a40   Options.memtable_insert_with_hint_prefix_extractor: nullptr
2019/10/28-11:18:41.561191 7f76db415a40             Options.num_levels: 7
2019/10/28-11:18:41.561192 7f76db415a40        Options.min_write_buffer_number_to_merge: 1
2019/10/28-11:18:41.561194 7f76db415a40     Options.max_write_buffer_number_to_maintain: 0
2019/10/28-11:18:41.561195 7f76db415a40            Options.bottommost_compression_opts.window_bits: -14
2019/10/28-11:18:41.561196 7f76db415a40                  Options.bottommost_compression_opts.level: 32767
2019/10/28-11:18:41.561198 7f76db415a40               Options.bottommost_compression_opts.strategy: 0
2019/10/28-11:18:41.561199 7f76db415a40         Options.bottommost_compression_opts.max_dict_bytes: 0
2019/10/28-11:18:41.561200 7f76db415a40         Options.bottommost_compression_opts.zstd_max_train_bytes: 0
2019/10/28-11:18:41.561202 7f76db415a40                  Options.bottommost_compression_opts.enabled: false
2019/10/28-11:18:41.561203 7f76db415a40            Options.compression_opts.window_bits: -14
2019/10/28-11:18:41.561204 7f76db415a40                  Options.compression_opts.level: 32767
2019/10/28-11:18:41.561205 7f76db415a40               Options.compression_opts.strategy: 0
2019/10/28-11:18:41.561206 7f76db415a40         Options.compression_opts.max_dict_bytes: 0
2019/10/28-11:18:41.561208 7f76db415a40         Options.compression_opts.zstd_max_train_bytes: 0
2019/10/28-11:18:41.561209 7f76db415a40                  Options.compression_opts.enabled: false
2019/10/28-11:18:41.561210 7f76db415a40      Options.level0_file_num_compaction_trigger: 4
2019/10/28-11:18:41.561211 7f76db415a40          Options.level0_slowdown_writes_trigger: 20
2019/10/28-11:18:41.561213 7f76db415a40              Options.level0_stop_writes_trigger: 36
2019/10/28-11:18:41.561214 7f76db415a40                   Options.target_file_size_base: 67108864
2019/10/28-11:18:41.561215 7f76db415a40             Options.target_file_size_multiplier: 1
2019/10/28-11:18:41.561216 7f76db415a40                Options.max_bytes_for_level_base: 268435456
2019/10/28-11:18:41.561218 7f76db415a40 Options.level_compaction_dynamic_level_bytes: 0
2019/10/28-11:18:41.561219 7f76db415a40          Options.max_bytes_for_level_multiplier: 10.000000
2019/10/28-11:18:41.561222 7f76db415a40 Options.max_bytes_for_level_multiplier_addtl[0]: 1
2019/10/28-11:18:41.561224 7f76db415a40 Options.max_bytes_for_level_multiplier_addtl[1]: 1
2019/10/28-11:18:41.561225 7f76db415a40 Options.max_bytes_for_level_multiplier_addtl[2]: 1
2019/10/28-11:18:41.561226 7f76db415a40 Options.max_bytes_for_level_multiplier_addtl[3]: 1
2019/10/28-11:18:41.561227 7f76db415a40 Options.max_bytes_for_level_multiplier_addtl[4]: 1
2019/10/28-11:18:41.561229 7f76db415a40 Options.max_bytes_for_level_multiplier_addtl[5]: 1
2019/10/28-11:18:41.561230 7f76db415a40 Options.max_bytes_for_level_multiplier_addtl[6]: 1
2019/10/28-11:18:41.561231 7f76db415a40       Options.max_sequential_skip_in_iterations: 8
2019/10/28-11:18:41.561248 7f76db415a40                    Options.max_compaction_bytes: 1677721600
2019/10/28-11:18:41.561250 7f76db415a40                        Options.arena_block_size: 8388608
2019/10/28-11:18:41.561252 7f76db415a40   Options.soft_pending_compaction_bytes_limit: 68719476736
2019/10/28-11:18:41.561253 7f76db415a40   Options.hard_pending_compaction_bytes_limit: 274877906944
2019/10/28-11:18:41.561254 7f76db415a40       Options.rate_limit_delay_max_milliseconds: 100
2019/10/28-11:18:41.561256 7f76db415a40                Options.disable_auto_compactions: 0
2019/10/28-11:18:41.561258 7f76db415a40                        Options.compaction_style: kCompactionStyleLevel
2019/10/28-11:18:41.561259 7f76db415a40                          Options.compaction_pri: kByCompensatedSize
2019/10/28-11:18:41.561261 7f76db415a40 Options.compaction_options_universal.size_ratio: 1
2019/10/28-11:18:41.561262 7f76db415a40 Options.compaction_options_universal.min_merge_width: 2
2019/10/28-11:18:41.561263 7f76db415a40 Options.compaction_options_universal.max_merge_width: 4294967295
2019/10/28-11:18:41.561265 7f76db415a40 Options.compaction_options_universal.max_size_amplification_percent: 200
2019/10/28-11:18:41.561266 7f76db415a40 Options.compaction_options_universal.compression_size_percent: -1
2019/10/28-11:18:41.561268 7f76db415a40 Options.compaction_options_universal.stop_style: kCompactionStopStyleTotalSize
2019/10/28-11:18:41.561269 7f76db415a40 Options.compaction_options_fifo.max_table_files_size: 1073741824
2019/10/28-11:18:41.561271 7f76db415a40 Options.compaction_options_fifo.allow_compaction: 0
2019/10/28-11:18:41.561272 7f76db415a40 Options.compaction_options_fifo.ttl: 0
2019/10/28-11:18:41.561273 7f76db415a40                   Options.table_properties_collectors: 
2019/10/28-11:18:41.561274 7f76db415a40                   Options.inplace_update_support: 0
2019/10/28-11:18:41.561276 7f76db415a40                 Options.inplace_update_num_locks: 10000
2019/10/28-11:18:41.561277 7f76db415a40               Options.memtable_prefix_bloom_size_ratio: 0.000000
2019/10/28-11:18:41.561278 7f76db415a40   Options.memtable_huge_page_size: 0
2019/10/28-11:18:41.561280 7f76db415a40                           Options.bloom_locality: 0
2019/10/28-11:18:41.561281 7f76db415a40                    Options.max_successive_merges: 0
2019/10/28-11:18:41.561282 7f76db415a40                Options.optimize_filters_for_hits: 0
2019/10/28-11:18:41.561283 7f76db415a40                Options.paranoid_file_checks: 0
2019/10/28-11:18:41.561285 7f76db415a40                Options.force_consistency_checks: 0
2019/10/28-11:18:41.561286 7f76db415a40                Options.report_bg_io_stats: 0
2019/10/28-11:18:41.561287 7f76db415a40                               Options.ttl: 0
2019/10/28-11:18:41.562417 7f76db415a40 [db/version_set.cc:3610] Recovered from manifest file:test5.db/MANIFEST-000005 succeeded,manifest_file_number is 5, next_file_number is 7, last_sequence is 0, log_number is 0,prev_log_number is 0,max_column_family is 0,min_log_number_to_keep is 0
2019/10/28-11:18:41.562436 7f76db415a40 [db/version_set.cc:3618] Column family [default] (ID 0), log number is 4
2019/10/28-11:18:41.562572 7f76db415a40 EVENT_LOG_v1 {"time_micros": 1572257921562556, "job": 1, "event": "recovery_started", "log_files": [6]}
2019/10/28-11:18:41.562580 7f76db415a40 [db/db_impl_open.cc:561] Recovering log #6 mode 2
2019/10/28-11:18:41.562800 7f76db415a40 [db/version_set.cc:2936] Creating manifest 8
2019/10/28-11:18:41.567575 7f76db415a40 EVENT_LOG_v1 {"time_micros": 1572257921567572, "job": 1, "event": "recovery_finished"}
2019/10/28-11:18:41.574843 7f76db415a40 [db/db_impl_open.cc:1287] DB pointer 0x21a44a0
